2 0.878089 0.697869 0.243041 0.485116
2 0.041802 0.610781 0.084022 0.095139
2 0.547271 0.575898 0.025650 0.085937
2 0.533667 0.567582 0.029628 0.060988
2 0.520413 0.559266 0.021832 0.049900
2 0.506770 0.549563 0.022611 0.041584
2 0.488448 0.547484 0.018713 0.029110
2 0.592920 0.573819 0.087322 0.120588
2 0.293926 0.577284 0.036645 0.041584
2 0.378518 0.560652 0.028069 0.036040
2 0.431924 0.555108 0.016374 0.019407
2 0.398305 0.557825 0.016561 0.027614
2 0.415551 0.553029 0.008578 0.012477
2 0.444398 0.545405 0.010137 0.013863
9 0.383975 0.500359 0.017154 0.009705
9 0.483770 0.505210 0.012476 0.011091
8 0.456872 0.498280 0.005459 0.016635
8 0.475584 0.495508 0.007018 0.016635
8 0.411263 0.487192 0.006239 0.016635
0 0.731891 0.547311 0.039410 0.123014
2 0.106422 0.595996 0.046780 0.051286
2 0.150861 0.587679 0.037425 0.031882
2 0.209725 0.588372 0.047560 0.044356
0 0.634497 0.551140 0.017219 0.086135
