8 0.480537 0.436127 0.007785 0.044077
8 0.523559 0.477925 0.007785 0.035183
8 0.099349 0.480593 0.009786 0.033405
8 0.477536 0.482372 0.009786 0.019175
8 0.487541 0.483261 0.009786 0.017397
4 0.382989 0.529506 0.044803 0.084986
2 0.093846 0.577071 0.066814 0.050330
2 0.029314 0.587312 0.057809 0.051191
2 0.267432 0.615771 0.239899 0.382021
9 0.442519 0.512609 0.009786 0.022733
9 0.535565 0.457470 0.019791 0.040519
9 0.544569 0.444131 0.037800 0.052970
9 0.577085 0.442352 0.016789 0.067199
9 0.796694 0.347194 0.019791 0.047634
9 0.877734 0.302323 0.049805 0.091131
