2 0.660867 0.557683 0.086857 0.052396
2 0.811977 0.553645 0.063903 0.046871
2 0.314653 0.581146 0.044775 0.055797
2 0.411727 0.564994 0.018953 0.030293
2 0.443766 0.564994 0.016084 0.026893
2 0.466241 0.558193 0.015127 0.026893
3 0.162108 0.594974 0.103115 0.112435
2 0.052733 0.593391 0.105984 0.136055
2 0.281179 0.578596 0.033299 0.054097
2 0.254400 0.582614 0.050514 0.055331
2 0.222839 0.592470 0.056252 0.064842
2 0.361899 0.569245 0.019909 0.038794
2 0.717274 0.545371 0.031345 0.026922
2 0.616993 0.551307 0.031625 0.021792
2 0.399294 0.566609 0.005563 0.021792
9 0.377456 0.537563 0.014171 0.016691
9 0.389889 0.539264 0.008432 0.013291
9 0.389889 0.518010 0.010345 0.008190
9 0.502297 0.526228 0.006520 0.016691
9 0.503254 0.540680 0.008432 0.011590
9 0.693384 0.491656 0.008432 0.020092
2 0.332346 0.558363 0.045732 0.069399
8 0.420095 0.506250 0.003650 0.016691
8 0.464568 0.504550 0.005563 0.016691
8 0.490342 0.526738 0.005563 0.014991
8 0.452087 0.525888 0.007476 0.016691
2 0.857190 0.554398 0.031282 0.038785
2 0.739392 0.545984 0.020765 0.025696
