9 0.570032 0.413538 0.022792 0.022733
9 0.473984 0.405534 0.022792 0.020954
9 0.569531 0.434882 0.045803 0.040519
9 0.522508 0.431324 0.055808 0.061863
9 0.472984 0.424210 0.040801 0.026290
9 0.433964 0.431324 0.038800 0.047634
9 0.379938 0.424210 0.026794 0.061863
2 0.407107 0.568281 0.037489 0.067199
2 0.545520 0.553162 0.028795 0.051191
2 0.588041 0.569170 0.067814 0.090322
3 0.609551 0.510100 0.064813 0.153604
2 0.647070 0.562055 0.041802 0.079650
2 0.744118 0.575621 0.200880 0.187697
2 0.919692 0.556720 0.159835 0.161468
2 0.483161 0.642230 0.180170 0.262471
