9 0.447638 0.176397 0.038635 0.093156
9 0.412652 0.371148 0.046665 0.034017
9 0.420108 0.405816 0.024870 0.038096
9 0.417240 0.457817 0.030606 0.048292
9 0.981337 0.486221 0.013399 0.013625
2 0.162651 0.585709 0.324771 0.309319
4 0.013847 0.518264 0.027164 0.151886
0 0.201397 0.653005 0.092549 0.374576
0 0.575267 0.580174 0.014546 0.076842
0 0.679652 0.567938 0.012252 0.068685
0 0.695711 0.557742 0.009958 0.052371
0 0.688829 0.568958 0.014546 0.070724
0 0.672196 0.572017 0.013399 0.064606
0 0.628033 0.580174 0.021429 0.101313
0 0.595341 0.653588 0.047812 0.203277
0 0.698006 0.583233 0.016841 0.099274
2 0.826939 0.541427 0.013399 0.023821
2 0.829806 0.543467 0.014546 0.023821
2 0.839557 0.549585 0.015693 0.031978
2 0.848160 0.556722 0.016841 0.038096
2 0.853895 0.567938 0.023723 0.052371
2 0.803423 0.550604 0.042077 0.034017
2 0.802850 0.563859 0.045518 0.040135
2 0.906088 0.553663 0.027164 0.031978
2 0.908956 0.562840 0.019135 0.034017
2 0.923868 0.566918 0.030606 0.050331
2 0.931324 0.573036 0.027164 0.046253
2 0.953692 0.575075 0.039782 0.066646
2 0.961722 0.582213 0.035194 0.060528
2 0.982765 0.591390 0.033690 0.082960
2 0.881710 0.575182 0.050446 0.069929
2 0.790346 0.617612 0.076489 0.099267
8 0.447939 0.459274 0.027164 0.052371
