2 0.049026 0.636054 0.098833 0.146304
8 0.220324 0.404190 0.013652 0.045626
8 0.266659 0.385122 0.013652 0.047152
9 0.152967 0.482749 0.017942 0.010541
8 0.482029 0.413342 0.008504 0.039524
8 0.527935 0.409529 0.005930 0.037999
9 0.546812 0.424020 0.011078 0.021219
2 0.213031 0.577325 0.084870 0.126474
2 0.529222 0.568935 0.061703 0.179863
2 0.570409 0.579613 0.041110 0.127999
2 0.386357 0.670767 0.337137 0.565014
3 0.524074 0.484274 0.092593 0.105118
4 0.783712 0.498766 0.430712 0.997490
3 0.415960 0.404952 0.111470 0.095965
