3 0.139085 0.488031 0.278951 0.973371
2 0.352312 0.723943 0.399131 0.470422
2 0.419262 0.485736 0.133844 0.100051
9 0.497920 0.400572 0.011105 0.025860
9 0.527744 0.402611 0.045518 0.017703
8 0.489317 0.403631 0.007664 0.031978
8 0.480140 0.400863 0.009958 0.029939
8 0.531186 0.437570 0.006517 0.021782
9 0.547818 0.434803 0.021429 0.027899
9 0.539215 0.467431 0.017988 0.019742
9 0.577643 0.425626 0.023723 0.021782
0 0.497346 0.545652 0.012252 0.050331
2 0.531186 0.547691 0.056989 0.046253
0 0.536347 0.546671 0.016841 0.044214
0 0.566745 0.541573 0.020282 0.058489
0 0.589114 0.536475 0.023723 0.064606
0 0.780678 0.537495 0.028311 0.131902
0 0.821400 0.499768 0.022576 0.044214
0 0.627541 0.537495 0.020282 0.078881
0 0.644748 0.540553 0.015693 0.072764
0 0.665395 0.534436 0.024870 0.093156
0 0.690631 0.541573 0.029459 0.091117
0 0.717014 0.548711 0.024870 0.113549
0 0.748560 0.545652 0.032900 0.144138
0 0.947727 0.533236 0.055022 0.186231
0 0.887810 0.515940 0.026010 0.115758
