2 0.396351 0.672414 0.361425 0.544931
9 0.162835 0.199288 0.126915 0.145314
2 0.076537 0.611250 0.153856 0.226389
2 0.219375 0.557187 0.026094 0.033264
9 0.244687 0.489375 0.019766 0.050139
9 0.258398 0.365625 0.047187 0.102639
8 0.242578 0.260312 0.017656 0.063264
8 0.269473 0.267812 0.018711 0.059514
8 0.288457 0.333437 0.010273 0.052014
8 0.301641 0.340937 0.017656 0.048264
8 0.406055 0.296562 0.011328 0.052014
8 0.425566 0.297500 0.012383 0.057639
8 0.416601 0.294375 0.011328 0.072639
9 0.500976 0.367500 0.011328 0.031389
9 0.505722 0.406875 0.048242 0.057639
8 0.519961 0.355625 0.011328 0.072639
8 0.553711 0.315000 0.011328 0.053889
2 0.584589 0.581823 0.071916 0.068601
9 0.160840 0.055000 0.103086 0.106389
8 0.064863 0.411875 0.012383 0.031389
8 0.076465 0.417500 0.012383 0.038889
2 0.814999 0.630609 0.368360 0.730170
8 0.101777 0.305000 0.016602 0.057639
