0 0.656279 0.549679 0.026257 0.089057
0 0.697355 0.544252 0.022307 0.094932
0 0.731437 0.540000 0.021111 0.103436
0 0.773292 0.549213 0.030678 0.153042
0 0.828900 0.562323 0.031874 0.122570
0 0.800199 0.532559 0.017523 0.109814
0 0.813354 0.546378 0.017523 0.107688
2 0.122405 0.478701 0.135459 0.184932
2 0.153590 0.531496 0.169885 0.188476
8 0.461171 0.274252 0.016328 0.043909
8 0.650118 0.336969 0.018719 0.037531
8 0.217812 0.263622 0.019915 0.039657
8 0.290760 0.453685 0.007956 0.018397
8 0.451006 0.463252 0.007956 0.020523
2 0.247744 0.508465 0.028286 0.054539
2 0.272857 0.506339 0.023503 0.050287
2 0.291991 0.505276 0.018719 0.048161
2 0.310527 0.498898 0.022307 0.035405
2 0.327867 0.499961 0.013936 0.037531
2 0.341619 0.497835 0.012740 0.033279
2 0.367808 0.504213 0.034506 0.046035
2 0.394835 0.499961 0.018719 0.033279
2 0.413371 0.496772 0.015132 0.018397
2 0.430711 0.499961 0.016328 0.024775
2 0.445062 0.497835 0.013936 0.020523
0 0.553288 0.528662 0.017523 0.069420
0 0.543123 0.519803 0.013936 0.050287
0 0.573617 0.523347 0.017523 0.058790
0 0.590641 0.522638 0.015695 0.065877
8 0.384072 0.459567 0.006761 0.020523
0 0.601087 0.525118 0.011544 0.056664
