9 0.083833 0.136040 0.028076 0.048180
9 0.358924 0.337933 0.018328 0.032583
9 0.479313 0.381258 0.029051 0.018719
9 0.604673 0.399455 0.019303 0.030850
9 0.581765 0.282478 0.014429 0.036049
9 0.544723 0.430302 0.008580 0.031543
9 0.461182 0.481079 0.010334 0.020798
9 0.502026 0.455777 0.016378 0.029117
8 0.130137 0.150770 0.029051 0.094970
8 0.527566 0.422850 0.012479 0.036049
8 0.616468 0.354397 0.019498 0.068976
8 0.599799 0.358729 0.011504 0.049913
8 0.548134 0.266881 0.013454 0.053379
8 0.341670 0.338800 0.013454 0.041248
8 0.444512 0.347465 0.012479 0.048180
9 0.543943 0.451444 0.015403 0.013520
9 0.623390 0.454910 0.024177 0.010054
9 0.624852 0.468774 0.021252 0.013520
0 0.310964 0.513832 0.006630 0.023918
2 0.809598 0.496502 0.104416 0.089771
2 0.899920 0.491303 0.136280 0.103635
2 0.399281 0.500141 0.011309 0.020105
2 0.414878 0.500315 0.007410 0.016986
2 0.449581 0.502266 0.014429 0.020887
2 0.468883 0.503723 0.020277 0.029117
2 0.483505 0.504589 0.028076 0.037782
8 0.638304 0.404827 0.012479 0.039515
8 0.659263 0.404827 0.009555 0.042981
9 0.003273 0.370086 0.007328 0.024665
8 0.047134 0.437586 0.008637 0.038630
9 0.986140 0.458534 0.016492 0.029320
