8 0.550725 0.292258 0.017162 0.036751
8 0.761923 0.274576 0.013652 0.042991
8 0.578222 0.427466 0.006632 0.020110
8 0.599868 0.430586 0.007802 0.022190
8 0.816331 0.405624 0.014822 0.022190
9 0.646671 0.445147 0.010142 0.018030
9 0.554235 0.414985 0.010142 0.011790
9 0.551895 0.430586 0.010142 0.013870
9 0.620929 0.448267 0.010142 0.015950
2 0.564766 0.463868 0.014822 0.022190
2 0.550725 0.459708 0.012482 0.022190
2 0.539025 0.462828 0.017162 0.020110
2 0.521473 0.460748 0.014822 0.024270
2 0.467065 0.466988 0.025353 0.020110
2 0.443079 0.464908 0.026523 0.028431
2 0.410902 0.466988 0.015992 0.028431
2 0.388670 0.466988 0.032373 0.049232
2 0.348888 0.472188 0.037053 0.055472
2 0.312616 0.472188 0.037053 0.038831
2 0.279269 0.474268 0.026523 0.034671
2 0.259963 0.481549 0.032373 0.028431
2 0.148623 0.472188 0.051461 0.047152
2 0.595188 0.457627 0.014822 0.018030
2 0.606304 0.452427 0.013652 0.011790
2 0.579977 0.457627 0.010142 0.018030
2 0.584072 0.458668 0.011312 0.015950
2 0.622685 0.463868 0.011312 0.013870
2 0.660127 0.470108 0.011312 0.030511
2 0.674753 0.459708 0.017162 0.013870
2 0.674168 0.474268 0.018332 0.022190
2 0.688793 0.465948 0.012482 0.026350
2 0.699909 0.471148 0.025353 0.036751
2 0.636140 0.455547 0.014822 0.013870
2 0.602793 0.468028 0.015992 0.022190
2 0.632045 0.466988 0.018332 0.024270
2 0.725066 0.478429 0.042904 0.047152
2 0.939189 0.495948 0.120128 0.145242
2 0.043104 0.481549 0.086989 0.070033
0 0.789420 0.479469 0.007802 0.045072
0 0.781229 0.478429 0.005462 0.038831
0 0.847923 0.471148 0.017162 0.070033
0 0.895311 0.452427 0.015992 0.053392
9 0.812821 0.357781 0.021843 0.018030
9 0.809896 0.296418 0.018332 0.049232
