9 0.454744 0.372936 0.008706 0.033410
9 0.416199 0.351803 0.029600 0.047499
9 0.747495 0.379981 0.015911 0.024444
9 0.745694 0.407519 0.012309 0.030848
9 0.793965 0.407519 0.016632 0.023163
9 0.794686 0.424170 0.015191 0.012916
9 0.809455 0.432495 0.020234 0.029567
8 0.505297 0.423103 0.010868 0.021882
8 0.926892 0.387239 0.015911 0.024444
8 0.993135 0.371869 0.012949 0.024444
2 0.713458 0.442712 0.028880 0.038533
2 0.755606 0.499709 0.101647 0.157651
2 0.881688 0.574518 0.235654 0.302382
3 0.610071 0.377663 0.199631 0.498353
2 0.352356 0.479900 0.051238 0.055209
2 0.488590 0.459717 0.036101 0.046239
