8 0.257920 0.275859 0.010010 0.055295
8 0.609263 0.250078 0.013965 0.055295
8 0.742417 0.425859 0.021875 0.036545
8 0.161021 0.430547 0.016602 0.027170
8 0.063462 0.129375 0.024512 0.090451
8 0.271763 0.279375 0.013965 0.052951
9 0.177500 0.400078 0.028467 0.017795
9 0.179478 0.383672 0.016602 0.017795
9 0.159703 0.363750 0.024512 0.020139
9 0.727256 0.400078 0.028467 0.022483
9 0.743735 0.371953 0.029785 0.022483
0 0.093126 0.525468 0.020557 0.095139
0 0.074009 0.523125 0.019238 0.099826
0 0.204527 0.505547 0.024512 0.102170
0 0.040391 0.531822 0.020557 0.098470
0 0.186729 0.506718 0.015283 0.090451
0 0.216392 0.506718 0.016602 0.085764
0 0.667271 0.477422 0.011328 0.045920
0 0.784605 0.505547 0.024512 0.059983
0 0.014683 0.530156 0.024512 0.113889
0 0.005364 0.526640 0.011509 0.088108
1 0.586192 0.491484 0.017920 0.045920
7 0.586192 0.513750 0.017920 0.052951
2 0.393052 0.461015 0.021875 0.027170
2 0.373277 0.469218 0.037695 0.048264
2 0.364048 0.483281 0.019238 0.048264
2 0.340977 0.483281 0.044287 0.062326
2 0.315928 0.500392 0.041650 0.059049
2 0.583555 0.479765 0.033740 0.031858
2 0.602012 0.497343 0.033740 0.048264
2 0.619151 0.503203 0.041650 0.055295
4 0.428648 0.441093 0.050879 0.057639
2 0.274400 0.509111 0.069336 0.080979
2 0.646836 0.519609 0.062744 0.074045
2 0.478745 0.662215 0.293457 0.431020
2 0.862249 0.654375 0.274722 0.521701
