9 0.412770 0.396290 0.015479 0.027518
8 0.383212 0.360363 0.005355 0.020986
8 0.310499 0.378871 0.006905 0.018808
2 0.323360 0.439839 0.013029 0.023163
2 0.303150 0.442016 0.011804 0.049292
2 0.345406 0.442016 0.032626 0.049292
2 0.375500 0.465221 0.058519 0.082637
3 0.280232 0.401734 0.037007 0.199534
3 0.156570 0.361410 0.216938 0.393408
2 0.060028 0.547621 0.118362 0.343244
0 0.424405 0.437661 0.011804 0.049292
0 0.603838 0.472500 0.020378 0.101550
0 0.625885 0.470323 0.025277 0.114615
3 0.391934 0.424783 0.034245 0.059355
9 0.475165 0.369868 0.020516 0.034948
