9 0.459622 0.332734 0.034900 0.022185
8 0.423067 0.314538 0.008580 0.020452
8 0.328510 0.318870 0.010529 0.029117
8 0.060438 0.227888 0.010529 0.051646
8 0.041917 0.220956 0.016378 0.055112
8 0.046791 0.298941 0.012479 0.041248
9 0.026807 0.303274 0.013454 0.032583
9 0.056051 0.342266 0.031000 0.020452
2 0.496177 0.452311 0.026126 0.084572
2 0.474244 0.447112 0.032950 0.098436
2 0.051665 0.466175 0.104111 0.240542
2 0.324611 0.554557 0.332216 0.486627
4 0.735980 0.353530 0.466739 0.646062
9 0.178877 0.382125 0.017353 0.065510
