8 0.638987 0.188030 0.011504 0.048180
8 0.504463 0.269480 0.007605 0.030850
8 0.498614 0.270347 0.007605 0.036049
8 0.492765 0.271213 0.007605 0.030850
8 0.287081 0.265148 0.009555 0.036049
8 0.277820 0.265148 0.010529 0.036049
8 0.290493 0.316271 0.008580 0.030850
8 0.659945 0.271213 0.022227 0.027384
8 0.611205 0.340533 0.014429 0.023918
8 0.154020 0.367394 0.016378 0.022185
9 0.688214 0.257349 0.016378 0.027384
0 0.673592 0.380392 0.014429 0.048180
0 0.616566 0.395989 0.013454 0.075908
0 0.604868 0.395989 0.013454 0.068976
9 0.593171 0.354397 0.015403 0.030850
3 0.561489 0.362195 0.053421 0.119232
2 0.505925 0.407253 0.041723 0.060311
2 0.482042 0.402921 0.009555 0.016986
2 0.470345 0.406387 0.007605 0.016986
2 0.464496 0.405520 0.007605 0.015253
2 0.451823 0.407253 0.019303 0.025651
2 0.437201 0.408120 0.011504 0.027384
2 0.429403 0.408986 0.009555 0.022185
2 0.420630 0.411586 0.011504 0.030850
2 0.410394 0.413319 0.014429 0.034316
2 0.398696 0.409853 0.016378 0.044714
2 0.348702 0.419384 0.094920 0.126164
2 0.094068 0.448275 0.064142 0.052238
2 0.055077 0.499102 0.108985 0.244008
