9 0.348109 0.522156 0.021175 0.020583
2 0.772080 0.621619 0.041650 0.107440
2 0.821369 0.624526 0.099152 0.165607
2 0.919291 0.639455 0.160637 0.370346
9 0.648620 0.562677 0.012778 0.024849
2 0.387697 0.604265 0.023574 0.026981
2 0.361905 0.602132 0.024774 0.026981
2 0.340911 0.615995 0.035571 0.037645
2 0.309121 0.626658 0.043968 0.037645
2 0.256271 0.650999 0.048898 0.052203
2 0.184958 0.677843 0.073960 0.054706
2 0.091385 0.668246 0.071560 0.056839
9 0.417089 0.522156 0.010378 0.024849
2 0.510661 0.587203 0.024774 0.031247
2 0.492066 0.593601 0.025974 0.044043
2 0.457877 0.608530 0.058364 0.078166
