9 0.825788 0.234915 0.024807 0.047152
9 0.650317 0.244830 0.013652 0.027321
9 0.583818 0.251695 0.009362 0.019694
8 0.397706 0.303051 0.010220 0.019694
8 0.429454 0.287797 0.008504 0.022745
8 0.511398 0.267203 0.007646 0.018169
8 0.423877 0.282814 0.007646 0.019694
8 0.508824 0.273661 0.011078 0.028847
8 0.547436 0.324000 0.005930 0.025796
8 0.753369 0.253830 0.029955 0.022745
8 0.727627 0.314847 0.012794 0.031897
4 0.492864 0.351610 0.014510 0.033423
2 0.407860 0.339407 0.016226 0.015118
2 0.396705 0.340169 0.016226 0.013592
2 0.387696 0.344746 0.017084 0.022745
2 0.374396 0.368390 0.045400 0.066982
2 0.350371 0.368390 0.023091 0.054779
2 0.342648 0.379830 0.029955 0.095965
2 0.438750 0.440178 0.144934 0.206117
2 0.591340 0.400678 0.034245 0.083762
2 0.658697 0.415424 0.146650 0.205796
2 0.832533 0.494746 0.334153 0.425457
2 0.941792 0.749237 0.115636 0.359863
3 0.223652 0.279806 0.223830 0.391897
2 0.024562 0.368499 0.048832 0.056304
1 0.302570 0.385714 0.047116 0.172236
7 0.301712 0.446731 0.040252 0.111219
0 0.535767 0.360763 0.011078 0.033423
0 0.546922 0.356186 0.005930 0.039524
0 0.552070 0.360763 0.011078 0.045626
0 0.541773 0.360763 0.011078 0.048677
0 0.591540 0.350847 0.016226 0.044101
2 0.107656 0.359151 0.038034 0.037049
