2 0.667336 0.445851 0.014783 0.018959
2 0.654569 0.445119 0.009017 0.020424
2 0.641392 0.447315 0.017254 0.018959
2 0.623684 0.444387 0.013136 0.021888
2 0.608859 0.445119 0.016430 0.020424
2 0.581679 0.443655 0.026313 0.023352
2 0.551383 0.444998 0.026618 0.026038
2 0.522653 0.444342 0.030156 0.027350
2 0.453762 0.446729 0.024152 0.026571
2 0.412651 0.446339 0.029988 0.035339
2 0.379087 0.451721 0.038702 0.036556
2 0.339072 0.445340 0.046838 0.045324
2 0.241114 0.450976 0.050198 0.035066
2 0.187217 0.452520 0.050922 0.046940
2 0.088068 0.452854 0.097512 0.062249
2 0.484913 0.445997 0.033743 0.028035
9 0.303338 0.371177 0.023019 0.049708
9 0.746444 0.406318 0.013136 0.037994
9 0.785660 0.147835 0.063565 0.045216
8 0.021249 0.394509 0.010665 0.023542
8 0.187620 0.232809 0.015606 0.054100
8 0.149536 0.325518 0.016001 0.053312
8 0.171971 0.330911 0.012312 0.042387
8 0.292219 0.024892 0.030431 0.051172
8 0.832512 0.065889 0.032079 0.092170
8 0.780212 0.321394 0.036197 0.067278
8 0.612194 0.293574 0.019724 0.035066
2 0.291892 0.448336 0.046838 0.039333
2 0.435679 0.445340 0.017631 0.029347
0 0.022853 0.451332 0.023248 0.081271
0 0.689553 0.491272 0.022125 0.089259
0 0.688991 0.499261 0.023248 0.081271
