2 0.425566 0.485223 0.010273 0.018264
2 0.434531 0.486161 0.009219 0.020139
2 0.440332 0.487098 0.008164 0.022014
2 0.458789 0.489911 0.021875 0.027639
2 0.363340 0.488036 0.025039 0.046389
2 0.494121 0.487098 0.016602 0.033264
2 0.390762 0.496473 0.050352 0.059514
2 0.510469 0.495536 0.023984 0.038889
8 0.385488 0.427098 0.010273 0.018264
2 0.227285 0.490848 0.035586 0.037014
9 0.260508 0.440223 0.019766 0.033264
9 0.199336 0.391473 0.017656 0.052014
9 0.341191 0.424286 0.018711 0.031389
9 0.149766 0.428303 0.013437 0.035139
9 0.607500 0.287812 0.017656 0.033264
9 0.606445 0.315268 0.026094 0.035139
8 0.627539 0.368036 0.015547 0.038889
8 0.592207 0.370312 0.012383 0.033264
9 0.610137 0.368036 0.020820 0.031389
0 0.548965 0.485223 0.010273 0.048800
0 0.584297 0.498616 0.009219 0.055764
9 0.193535 0.450536 0.012383 0.031389
2 0.075410 0.578036 0.151602 0.413889
8 0.335391 0.293973 0.013437 0.022014
9 0.873055 0.316205 0.035586 0.115764
9 0.957957 0.304286 0.019766 0.016389
9 0.953739 0.339911 0.026094 0.020139
8 0.991180 0.264911 0.014492 0.057639
8 0.981160 0.409286 0.009219 0.027639
7 0.943719 0.544018 0.048242 0.080139
7 0.856180 0.554330 0.037695 0.097014
9 0.286052 0.435215 0.014035 0.029110
8 0.425427 0.443994 0.007018 0.012477
8 0.444138 0.451617 0.008578 0.013863
8 0.409054 0.459240 0.007018 0.012477
