8 0.103222 0.312371 0.023977 0.036440
8 0.588595 0.065979 0.022817 0.075616
8 0.616431 0.084536 0.022817 0.063245
9 0.739949 0.104124 0.107482 0.044688
9 0.900928 0.118557 0.035575 0.028193
8 0.901508 0.298969 0.022817 0.087987
8 0.874833 0.350103 0.025137 0.087987
2 0.976315 0.526392 0.044853 0.048812
9 0.639394 0.364949 0.011219 0.030255
9 0.600773 0.424742 0.012379 0.026131
2 0.557281 0.476289 0.013539 0.030255
2 0.570039 0.477320 0.018178 0.040564
2 0.540464 0.482474 0.019338 0.042626
2 0.369974 0.464949 0.019338 0.024069
2 0.350258 0.471134 0.014699 0.024069
2 0.328222 0.469072 0.035575 0.040564
2 0.306766 0.475258 0.018178 0.036440
2 0.289949 0.475258 0.019338 0.040564
2 0.269652 0.477320 0.022817 0.040564
2 0.236018 0.476289 0.048333 0.046750
2 0.155412 0.475258 0.061091 0.052935
8 0.136276 0.443299 0.011219 0.022007
8 0.358376 0.364949 0.014699 0.022007
8 0.403608 0.342268 0.014699 0.026131
8 0.495812 0.427835 0.011219 0.015822
9 0.423325 0.428866 0.021658 0.030255
9 0.386791 0.397938 0.032096 0.054997
2 0.433763 0.457732 0.019338 0.030255
2 0.418686 0.467010 0.021658 0.024069
2 0.392590 0.489691 0.059931 0.081801
2 0.073067 0.517526 0.146915 0.203451
2 0.603093 0.509278 0.088926 0.104482
2 0.485954 0.533608 0.135317 0.191080
2 0.778222 0.509897 0.165472 0.094172
9 0.358956 0.406804 0.013539 0.036440
9 0.358956 0.443299 0.011219 0.022007
