8 0.433262 0.212578 0.017920 0.078733
8 0.558506 0.438515 0.025830 0.036545
8 0.038414 0.040078 0.035059 0.081545
8 0.007342 0.042656 0.015464 0.085764
8 0.453697 0.217265 0.019238 0.078733
9 0.019866 0.316875 0.040513 0.024826
8 0.006023 0.492656 0.012828 0.038889
8 0.031163 0.489140 0.015283 0.045920
9 0.549937 0.352031 0.024512 0.020139
9 0.537412 0.375468 0.033740 0.029514
8 0.980242 0.187969 0.038735 0.123264
2 0.230235 0.560625 0.028467 0.071701
2 0.318565 0.519609 0.012646 0.017795
2 0.312632 0.525468 0.013965 0.029514
2 0.300767 0.526640 0.016602 0.027170
2 0.365367 0.518437 0.027148 0.024826
2 0.386460 0.512578 0.019238 0.017795
2 0.398326 0.519609 0.021875 0.017795
2 0.430625 0.538359 0.041650 0.074045
2 0.284288 0.538359 0.028467 0.031858
2 0.196617 0.577031 0.069336 0.095139
2 0.472813 0.559453 0.083838 0.116233
2 0.370080 0.614531 0.131100 0.184201
2 0.961785 0.782558 0.075649 0.335646
2 0.334226 0.517113 0.013857 0.019270
2 0.349815 0.512642 0.014862 0.017482
8 0.364902 0.450954 0.004804 0.022846
8 0.317127 0.451848 0.005810 0.021058
8 0.313104 0.451848 0.005810 0.021058
8 0.359370 0.450060 0.003799 0.021058
9 0.277398 0.491185 0.010839 0.010329
8 0.274381 0.506384 0.008828 0.008541
