2 0.334846 0.567382 0.009555 0.011787
2 0.325098 0.567382 0.011504 0.015253
2 0.320712 0.569981 0.010529 0.013520
2 0.314863 0.572580 0.012479 0.018719
4 0.346544 0.564782 0.013454 0.027384
2 0.359217 0.563049 0.007605 0.016986
2 0.363603 0.563049 0.008580 0.020452
2 0.367015 0.566515 0.011504 0.023918
2 0.378225 0.569114 0.020277 0.036049
2 0.388948 0.578646 0.012479 0.037782
2 0.396259 0.581245 0.017353 0.046447
2 0.406495 0.584711 0.026126 0.060311
2 0.418680 0.586444 0.025151 0.074175
2 0.457672 0.587311 0.079741 0.103635
2 0.517623 0.567382 0.053421 0.056845
2 0.594352 0.570406 0.086003 0.080224
3 0.300728 0.569114 0.023202 0.039515
2 0.296342 0.576046 0.020277 0.032583
2 0.289031 0.583845 0.013454 0.027384
2 0.279282 0.582978 0.017353 0.046447
3 0.263686 0.572580 0.025151 0.077641
2 0.258324 0.596842 0.014429 0.042981
3 0.238828 0.579512 0.031975 0.094970
3 0.183444 0.584134 0.086585 0.145804
2 0.054589 0.641434 0.109960 0.189006
2 0.015110 0.668935 0.031000 0.171222
