8 0.565936 0.466641 0.010142 0.026350
8 0.560671 0.467681 0.008972 0.024270
8 0.275759 0.479122 0.010142 0.034671
9 0.128915 0.503043 0.015992 0.032591
0 0.780644 0.528005 0.018332 0.074193
2 0.219010 0.557127 0.027693 0.040911
2 0.254697 0.560247 0.068645 0.038831
2 0.310861 0.538406 0.052264 0.045072
2 0.596943 0.563367 0.039394 0.061713
2 0.745542 0.530085 0.065135 0.074193
2 0.079187 0.598729 0.089707 0.099155
2 0.169867 0.588594 0.090877 0.087205
2 0.565936 0.523845 0.054604 0.040911
2 0.635555 0.558167 0.072156 0.092914
3 0.435840 0.586248 0.215637 0.327968
2 0.036083 0.622651 0.072948 0.163639
2 0.902916 0.600809 0.192673 0.223962
