0 0.138380 0.651278 0.043684 0.210432
0 0.214747 0.610122 0.026523 0.161558
2 0.451140 0.649020 0.137211 0.211897
2 0.707323 0.606308 0.208541 0.248507
2 0.322861 0.612410 0.108896 0.181389
2 0.370592 0.617034 0.042826 0.091389
2 0.391185 0.587288 0.025665 0.041050
2 0.510883 0.562881 0.028239 0.041050
2 0.520322 0.589576 0.024807 0.045626
2 0.536196 0.591864 0.027381 0.062406
2 0.574379 0.600254 0.072858 0.094440
2 0.830164 0.606356 0.061703 0.094440
2 0.945572 0.621610 0.107180 0.131050
1 0.877357 0.591864 0.042826 0.141728
6 0.879931 0.632288 0.054838 0.100541
8 0.187827 0.366864 0.022233 0.042575
8 0.556789 0.546102 0.005072 0.013592
