8 0.323162 0.338841 0.007822 0.028210
8 0.317127 0.337053 0.005810 0.031786
8 0.503702 0.351358 0.008828 0.031786
8 0.497164 0.350464 0.007822 0.029998
8 0.412678 0.396954 0.005810 0.015694
8 0.475037 0.396060 0.007822 0.021058
8 0.497667 0.421987 0.004804 0.019270
2 0.445366 0.442550 0.012851 0.021058
2 0.463470 0.457748 0.032967 0.037150
2 0.500492 0.480099 0.074826 0.089005
2 0.344786 0.453278 0.030955 0.035362
2 0.248924 0.473060 0.059741 0.067322
2 0.556003 0.458642 0.041013 0.053243
2 0.560529 0.479205 0.031961 0.065760
2 0.627726 0.464007 0.108019 0.121190
2 0.681225 0.500662 0.120471 0.137283
2 0.866624 0.524053 0.265971 0.470157
9 0.447880 0.421987 0.009833 0.019270
9 0.025447 0.278046 0.027938 0.056819
9 0.580645 0.375497 0.015868 0.015694
8 0.581651 0.417517 0.011845 0.017482
8 0.284942 0.421093 0.011845 0.013905
8 0.209837 0.408576 0.016528 0.021058
9 0.292485 0.392483 0.012851 0.010329
0 0.754145 0.437185 0.014862 0.056819
0 0.182853 0.460430 0.018886 0.071124
