3 0.842362 0.470260 0.174730 0.114422
7 0.550249 0.493720 0.031972 0.041910
1 0.550849 0.486256 0.011578 0.052574
2 0.150768 0.468128 0.029573 0.029114
2 0.079989 0.465995 0.010378 0.020583
2 0.046999 0.453199 0.013977 0.016318
2 0.066193 0.462796 0.023574 0.022716
2 0.108180 0.477725 0.064362 0.044043
2 0.406892 0.470260 0.011578 0.016318
2 0.386498 0.470260 0.025974 0.024849
2 0.358906 0.472393 0.025974 0.029114
2 0.507952 0.472393 0.030191 0.037645
3 0.017007 0.446801 0.016377 0.016318
9 0.033203 0.371090 0.034371 0.065370
8 0.103982 0.350829 0.007979 0.033379
8 0.180759 0.356161 0.007979 0.031247
8 0.250938 0.358294 0.009179 0.026981
8 0.340311 0.345497 0.007979 0.035512
8 0.437483 0.349763 0.007979 0.035512
8 0.547850 0.349763 0.007979 0.039777
9 0.661816 0.432938 0.010378 0.022716
2 0.465074 0.458531 0.015177 0.014185
2 0.444680 0.461730 0.022375 0.012052
2 0.562246 0.465995 0.041569 0.029114
2 0.540052 0.460663 0.018776 0.018450
