8 0.426298 0.067347 0.019723 0.035062
8 0.433186 0.185969 0.012835 0.027409
8 0.413384 0.125510 0.011113 0.025879
8 0.258409 0.270153 0.009391 0.015164
8 0.201280 0.304592 0.008781 0.013634
9 0.212347 0.675766 0.008530 0.005981
9 0.429993 0.034439 0.036942 0.027409
9 0.405025 0.007653 0.026610 0.013634
9 0.355089 0.214176 0.011113 0.021287
2 0.204050 0.328316 0.012835 0.018226
2 0.191135 0.332143 0.021445 0.022817
2 0.166598 0.339796 0.025749 0.028940
2 0.253986 0.319133 0.012835 0.012103
2 0.269914 0.319133 0.013696 0.012103
2 0.743017 0.279337 0.207414 0.140675
2 0.849921 0.231123 0.025749 0.074858
