2 0.048735 0.748460 0.097277 0.178802
2 0.309505 0.726919 0.116948 0.122088
9 0.161094 0.541544 0.027289 0.029110
9 0.404344 0.622627 0.010137 0.013863
9 0.719153 0.515903 0.018713 0.033268
8 0.543121 0.591838 0.005459 0.023565
8 0.509986 0.648665 0.004679 0.012477
8 0.533765 0.647279 0.005459 0.012477
8 0.539612 0.593224 0.006239 0.023565
8 0.547409 0.593224 0.004679 0.018021
8 0.395768 0.648665 0.008578 0.012477
8 0.411360 0.656288 0.007018 0.013863
2 0.371599 0.703414 0.078746 0.108114
2 0.409801 0.698562 0.041323 0.084551
2 0.433191 0.704107 0.025730 0.067919
2 0.446444 0.692325 0.027289 0.052672
2 0.461648 0.694404 0.012476 0.037426
2 0.477630 0.686088 0.024171 0.031882
2 0.494393 0.679158 0.014035 0.026338
2 0.504528 0.674307 0.007798 0.016635
2 0.509986 0.672228 0.006239 0.015249
2 0.516223 0.668763 0.007798 0.013863
2 0.522850 0.665991 0.005459 0.013863
2 0.535547 0.667377 0.005459 0.013863
2 0.539055 0.671535 0.007798 0.016635
2 0.549580 0.678465 0.007018 0.019407
2 0.557377 0.681930 0.014815 0.023565
2 0.572357 0.689553 0.018713 0.047128
2 0.581323 0.690246 0.016374 0.051286
2 0.611340 0.695790 0.059255 0.090095
2 0.640966 0.708265 0.076407 0.101184
