2 0.048778 0.323255 0.098338 0.095626
9 0.305892 0.181899 0.084608 0.036454
2 0.519158 0.307914 0.040229 0.056178
2 0.296646 0.313393 0.046393 0.023304
2 0.225147 0.310105 0.048859 0.034262
3 0.599287 0.295860 0.050091 0.093434
2 0.708042 0.333117 0.140768 0.163564
2 0.801400 0.290536 0.049976 0.047102
2 0.913080 0.302435 0.172250 0.229311
2 0.375542 0.296956 0.031600 0.025496
2 0.452589 0.287094 0.022971 0.023304
2 0.488339 0.289286 0.013109 0.014538
2 0.548744 0.290381 0.018040 0.025496
4 0.590041 0.262987 0.021738 0.027688
8 0.571550 0.209294 0.011876 0.021113
