2 0.056436 0.551393 0.113186 0.336982
2 0.067591 0.359952 0.135495 0.210372
2 0.322861 0.355376 0.124341 0.140202
2 0.409953 0.317240 0.054838 0.060880
2 0.498761 0.309613 0.043684 0.057830
2 0.456717 0.298173 0.031671 0.047152
2 0.435266 0.296647 0.009362 0.031897
2 0.526648 0.292834 0.015368 0.021219
2 0.691823 0.279105 0.127773 0.066982
2 0.627469 0.270715 0.043684 0.053253
2 0.564600 0.283324 0.037281 0.028036
9 0.391934 0.256986 0.013652 0.013592
8 0.481171 0.243257 0.006788 0.016643
2 0.497045 0.271478 0.012794 0.018169
2 0.507771 0.274529 0.010220 0.015118
