9 0.620373 0.500807 0.011804 0.027518
9 0.486258 0.507339 0.020378 0.018808
9 0.346018 0.483387 0.014254 0.027518
2 0.573831 0.537823 0.011804 0.023163
2 0.492994 0.551976 0.011804 0.020986
2 0.469111 0.553065 0.013029 0.018808
2 0.453137 0.557322 0.018031 0.027713
3 0.400166 0.567460 0.099222 0.124620
2 0.219252 0.597702 0.030176 0.064534
2 0.270693 0.599879 0.098765 0.095018
2 0.032470 0.632540 0.065696 0.112437
2 0.530114 0.578171 0.074743 0.108052
2 0.604451 0.551976 0.016704 0.042760
2 0.617311 0.556331 0.017928 0.060179
2 0.635071 0.556331 0.028952 0.064534
2 0.650381 0.562863 0.030176 0.064534
2 0.684063 0.572344 0.070595 0.093476
2 0.768054 0.577440 0.128174 0.185492
2 0.885703 0.628123 0.227813 0.288246
