9 0.310387 0.449421 0.039824 0.060386
9 0.310387 0.500610 0.022255 0.037828
9 0.365046 0.574357 0.014446 0.025682
9 0.365046 0.602988 0.016398 0.030888
2 0.604180 0.713174 0.022256 0.036093
2 0.625166 0.711439 0.009566 0.029152
2 0.640295 0.702763 0.022255 0.046505
2 0.641271 0.708836 0.020302 0.037828
2 0.650056 0.708836 0.016398 0.037828
2 0.664209 0.706234 0.023231 0.053445
2 0.705691 0.688014 0.073010 0.096826
2 0.560258 0.717512 0.014446 0.017006
2 0.545617 0.717512 0.012494 0.023947
2 0.531953 0.715777 0.014446 0.027417
2 0.517312 0.712307 0.016398 0.034358
2 0.494862 0.714042 0.032015 0.037828
2 0.468509 0.704498 0.030063 0.053445
2 0.439715 0.694087 0.042752 0.077738
2 0.391750 0.694087 0.095735 0.077738
9 0.515360 0.660250 0.012494 0.020476
4 0.863192 0.473691 0.272835 0.945299
