8 0.329484 0.415887 0.030176 0.066711
8 0.490545 0.567218 0.009355 0.020986
9 0.276205 0.415887 0.058347 0.118970
9 0.271306 0.304839 0.048548 0.079776
2 0.469111 0.602057 0.015479 0.020986
2 0.458087 0.616210 0.017928 0.031873
2 0.401134 0.618387 0.014254 0.040582
2 0.335608 0.635807 0.042424 0.053647
2 0.276817 0.643428 0.071820 0.064534
2 0.221089 0.653226 0.048548 0.058002
2 0.151381 0.681886 0.109577 0.102257
2 0.064315 0.691331 0.058347 0.095018
2 0.021440 0.699434 0.043662 0.146063
2 0.598939 0.605323 0.042424 0.044937
2 0.630172 0.624927 0.038750 0.102207
2 0.534025 0.633629 0.115912 0.210421
2 0.690406 0.649766 0.137173 0.184031
2 0.947127 0.778346 0.104964 0.260010
