8 0.442935 0.411804 0.012867 0.062264
8 0.170507 0.496850 0.013874 0.053312
8 0.625729 0.548773 0.011860 0.021084
2 0.465126 0.649253 0.028913 0.032256
2 0.436389 0.666048 0.017902 0.051522
2 0.401409 0.671419 0.073763 0.083750
2 0.348741 0.670524 0.036085 0.049731
2 0.295708 0.679417 0.077696 0.092584
2 0.212303 0.681382 0.117608 0.117999
2 0.020042 0.731399 0.040865 0.142835
8 0.088240 0.620391 0.014508 0.028246
8 0.454517 0.543402 0.013874 0.035407
8 0.433368 0.547878 0.015888 0.030036
3 0.623782 0.620626 0.064096 0.142954
2 0.545159 0.660442 0.144801 0.276648
2 0.864885 0.678233 0.269448 0.290745
9 0.703782 0.553249 0.020924 0.019293
9 0.703278 0.521021 0.019917 0.033617
9 0.713349 0.477155 0.015888 0.021084
9 0.703782 0.435080 0.012867 0.047941
9 0.442044 0.466413 0.037270 0.046150
0 0.659972 0.626658 0.009845 0.037198
8 0.168931 0.599062 0.016602 0.029514
