8 0.585335 0.430322 0.007983 0.014192
8 0.637747 0.426765 0.005582 0.015614
9 0.478510 0.330743 0.024787 0.054023
9 0.467708 0.361328 0.009583 0.021305
9 0.523721 0.408272 0.012784 0.021305
9 0.652551 0.403293 0.007983 0.017037
9 0.652951 0.417519 0.007183 0.008502
9 0.953020 0.384089 0.016785 0.021305
2 0.607340 0.451660 0.013584 0.019882
2 0.596138 0.455216 0.019986 0.026995
2 0.619268 0.470864 0.031338 0.046911
2 0.665754 0.463752 0.026387 0.041220
2 0.679357 0.458061 0.016785 0.032685
2 0.746972 0.450949 0.047992 0.024150
2 0.734299 0.486512 0.055736 0.066826
2 0.858598 0.459484 0.024787 0.035530
2 0.878603 0.461618 0.034389 0.036953
2 0.895007 0.469442 0.027187 0.041220
2 0.912611 0.470864 0.033589 0.044065
2 0.953420 0.472998 0.081600 0.048333
2 0.975719 0.483667 0.047780 0.052601
2 0.569878 0.470153 0.034681 0.059713
2 0.647750 0.483667 0.046392 0.063981
2 0.784653 0.530209 0.139357 0.151374
