8 0.368477 0.130841 0.016378 0.079374
8 0.353368 0.365661 0.021252 0.049913
8 0.988455 0.325802 0.016378 0.056845
9 0.343132 0.179365 0.033925 0.058578
9 0.596095 0.422850 0.011504 0.022185
9 0.987968 0.084050 0.023202 0.065510
9 0.990405 0.195828 0.016378 0.032583
9 0.987968 0.231354 0.019303 0.034316
9 0.985043 0.157702 0.021252 0.039515
2 0.557590 0.466175 0.012479 0.018719
2 0.564414 0.468774 0.012479 0.020452
2 0.572212 0.466175 0.010529 0.018719
2 0.581960 0.464442 0.022227 0.039515
2 0.588297 0.470507 0.017353 0.044714
2 0.596095 0.472240 0.021252 0.051646
2 0.599507 0.483505 0.022227 0.053379
2 0.617053 0.489570 0.043673 0.072442
2 0.627289 0.497369 0.060245 0.081107
