8 0.025405 0.286493 0.016377 0.086697
8 0.567644 0.433649 0.011578 0.039777
8 0.008204 0.289692 0.017189 0.084564
8 0.556247 0.434715 0.007979 0.037645
8 0.181958 0.581872 0.015177 0.020583
8 0.682810 0.430450 0.013977 0.050441
3 0.282318 0.606398 0.047629 0.120820
0 0.078189 0.652251 0.016377 0.071768
0 0.162764 0.655450 0.015177 0.073901
0 0.171761 0.647985 0.016377 0.067503
9 0.609032 0.433649 0.048767 0.022716
9 0.597635 0.474170 0.018776 0.035512
9 0.658217 0.509360 0.012778 0.037645
9 0.610831 0.530687 0.021175 0.020583
3 0.539610 0.583128 0.018332 0.018030
2 0.729074 0.618868 0.079802 0.120169
0 0.794377 0.599542 0.021175 0.074816
2 0.625227 0.650118 0.155535 0.221057
2 0.858109 0.674428 0.283000 0.342188
2 0.414752 0.645853 0.310414 0.395938
