8 0.337022 0.122344 0.012646 0.052951
8 0.511704 0.202031 0.008691 0.038889
8 0.358116 0.129375 0.012646 0.057639
8 0.231553 0.175078 0.015283 0.055295
8 0.112242 0.082500 0.019238 0.071701
8 0.673203 0.305156 0.017920 0.024826
8 0.209141 0.300469 0.017920 0.029514
8 0.921055 0.262969 0.012646 0.029514
8 0.962583 0.257109 0.032422 0.041233
8 0.414146 0.303984 0.008691 0.022483
8 0.380437 0.319219 0.007554 0.020139
8 0.671885 0.259453 0.015283 0.022483
9 0.657383 0.255937 0.031103 0.038889
9 0.592124 0.216094 0.024512 0.034201
9 0.940171 0.204375 0.058789 0.071701
9 0.964560 0.127031 0.036377 0.038889
9 0.940171 0.094219 0.050879 0.029514
9 0.944785 0.056719 0.031103 0.038889
9 0.222984 0.251250 0.027148 0.024826
9 0.228257 0.275859 0.027148 0.036545
0 0.797129 0.384843 0.028467 0.095139
0 0.685728 0.381328 0.016602 0.055295
0 0.674522 0.368437 0.017920 0.052951
0 0.756919 0.395390 0.027148 0.097483
0 0.098399 0.422343 0.033740 0.160764
2 0.508227 0.382031 0.020557 0.050608
2 0.398144 0.366797 0.011328 0.034201
2 0.377710 0.366797 0.015283 0.048264
3 0.381665 0.355078 0.025830 0.062326
2 0.365844 0.372656 0.015283 0.059983
3 0.334204 0.365625 0.057471 0.102170
2 0.191188 0.410962 0.060107 0.106858
2 0.560329 0.374634 0.039014 0.057639
2 0.847072 0.382888 0.085156 0.097381
2 0.276850 0.433291 0.143537 0.210785
2 0.456333 0.403593 0.098340 0.165451
2 0.615787 0.424365 0.161485 0.250470
2 0.938713 0.357542 0.121792 0.157724
9 0.043028 0.322734 0.025830 0.022483
0 0.337681 0.368437 0.019238 0.048264
0 0.137291 0.396328 0.021875 0.092795
0 0.114878 0.403359 0.016602 0.111545
