8 0.436714 0.159435 0.020277 0.074175
8 0.418680 0.152503 0.017353 0.074175
8 0.614616 0.348331 0.025151 0.036049
8 0.980657 0.082317 0.037824 0.075908
9 0.621440 0.240886 0.042698 0.018719
9 0.597070 0.299808 0.032950 0.025651
0 0.367990 0.463575 0.023202 0.086305
2 0.426381 0.434114 0.010529 0.020452
2 0.434667 0.433248 0.009555 0.015253
2 0.453188 0.435847 0.009555 0.020452
2 0.445390 0.437580 0.017353 0.027384
2 0.475121 0.435847 0.014429 0.030850
2 0.488769 0.441913 0.030025 0.032583
2 0.490231 0.454044 0.029051 0.036049
4 0.407372 0.430648 0.034900 0.051646
2 0.368650 0.449134 0.038799 0.055112
2 0.330632 0.464731 0.056345 0.079374
2 0.239488 0.469930 0.028076 0.079374
2 0.201470 0.456066 0.049522 0.030850
2 0.274288 0.477728 0.089100 0.108834
2 0.176125 0.496791 0.106060 0.098436
2 0.400819 0.462011 0.044648 0.074446
2 0.509816 0.472257 0.055370 0.074175
2 0.724972 0.484684 0.347753 0.233658
9 0.805851 0.308473 0.018328 0.063777
