2 0.425039 0.357455 0.015547 0.033264
2 0.401308 0.351830 0.035586 0.044514
2 0.395508 0.366161 0.028203 0.042639
2 0.537363 0.357723 0.029258 0.029514
2 0.510469 0.351830 0.026094 0.037014
2 0.484629 0.353705 0.022930 0.048264
2 0.176706 0.427342 0.079682 0.092776
2 0.077257 0.451052 0.155296 0.146041
2 0.603206 0.366830 0.050352 0.067014
2 0.620608 0.368705 0.038750 0.067014
2 0.659631 0.374330 0.064062 0.085764
2 0.693231 0.386518 0.049297 0.091389
2 0.760731 0.402288 0.125234 0.126679
2 0.896400 0.427674 0.204051 0.186953
9 0.338027 0.256205 0.033477 0.018264
9 0.284238 0.291562 0.014492 0.010764
9 0.292676 0.300000 0.016602 0.012639
8 0.375996 0.248973 0.010273 0.033264
8 0.382851 0.249911 0.007109 0.031389
9 0.569832 0.278036 0.030312 0.020139
9 0.622567 0.293705 0.017656 0.018264
2 0.503613 0.316473 0.018711 0.022014
2 0.470918 0.315536 0.020820 0.023889
