2 0.512198 0.366102 0.017162 0.036751
2 0.525654 0.368182 0.025353 0.045072
2 0.543790 0.370262 0.031203 0.070033
2 0.554321 0.374422 0.042904 0.070033
2 0.568947 0.386903 0.044074 0.074193
2 0.582402 0.395224 0.028863 0.082514
2 0.613994 0.398344 0.068645 0.142837
2 0.691804 0.419145 0.161081 0.226042
2 0.496402 0.366102 0.030033 0.028431
2 0.453695 0.369222 0.028863 0.026350
2 0.436144 0.373382 0.010142 0.034671
2 0.427368 0.372342 0.013652 0.036751
2 0.418008 0.375463 0.018332 0.047152
2 0.405722 0.379623 0.021843 0.051312
2 0.396946 0.384823 0.025353 0.057552
2 0.380565 0.391063 0.032373 0.065873
2 0.364184 0.402504 0.037053 0.072113
2 0.331422 0.407704 0.051094 0.107475
2 0.260048 0.424021 0.123639 0.141658
2 0.046510 0.533248 0.092047 0.221275
2 0.852638 0.518843 0.290767 0.321728
9 0.531358 0.333711 0.011312 0.022190
9 0.415521 0.324351 0.013652 0.024270
9 0.489821 0.335792 0.010142 0.018030
