9 0.127914 0.174678 0.039468 0.079039
9 0.131346 0.249000 0.040092 0.070165
9 0.775229 0.192426 0.031356 0.070165
9 0.776165 0.261757 0.033228 0.071274
9 0.774605 0.423157 0.023868 0.036886
8 0.402774 0.352718 0.008893 0.015810
8 0.376880 0.352718 0.007021 0.015810
9 0.428357 0.349945 0.007645 0.012482
9 0.429917 0.360483 0.007021 0.009154
8 0.390997 0.368520 0.004525 0.011372
2 0.375710 0.381039 0.007645 0.015810
2 0.381637 0.383258 0.007021 0.013591
2 0.372590 0.381594 0.011389 0.021356
2 0.369470 0.387140 0.012637 0.030230
2 0.364478 0.386031 0.021372 0.045760
2 0.355118 0.393241 0.030108 0.057962
2 0.346695 0.401561 0.033228 0.072383
2 0.338583 0.408217 0.038220 0.083476
2 0.305201 0.425518 0.081274 0.115430
2 0.409493 0.376602 0.008893 0.022465
2 0.416045 0.378821 0.009517 0.022465
2 0.421037 0.378266 0.008269 0.030230
2 0.430396 0.384367 0.012013 0.031340
2 0.445372 0.386586 0.020748 0.044651
2 0.456603 0.394351 0.028236 0.053525
2 0.481562 0.394905 0.024492 0.072383
2 0.500281 0.404334 0.038220 0.077930
2 0.524081 0.411545 0.050699 0.092350
2 0.569943 0.431390 0.092505 0.112561
2 0.387253 0.382703 0.009517 0.012482
6 0.051567 0.534756 0.096523 0.188858
9 0.325610 0.311790 0.011389 0.020247
9 0.324674 0.334530 0.009517 0.025793
9 0.512802 0.317336 0.008893 0.013591
9 0.683770 0.254662 0.023868 0.025793
