8 0.455477 0.369668 0.007979 0.048308
8 0.593436 0.415521 0.010378 0.033379
8 0.463875 0.368602 0.010378 0.054706
8 0.448279 0.366469 0.007979 0.041910
8 0.412290 0.428317 0.012778 0.029114
8 0.407491 0.479502 0.010378 0.016318
8 0.657017 0.478436 0.010378 0.018450
8 0.760187 0.435782 0.019976 0.026981
8 0.736194 0.357938 0.010378 0.037645
8 0.543651 0.465639 0.006779 0.018450
8 0.512460 0.462440 0.009179 0.020583
2 0.481270 0.512559 0.021175 0.026981
2 0.573042 0.507227 0.015177 0.020583
2 0.556847 0.498696 0.013977 0.024849
2 0.529255 0.501895 0.013977 0.022716
2 0.498065 0.505094 0.013977 0.020583
3 0.874753 0.485207 0.177129 0.121566
0 0.885550 0.527488 0.025974 0.112289
2 0.052190 0.571596 0.105161 0.287771
2 0.609879 0.526795 0.022233 0.033423
9 0.709413 0.452050 0.029097 0.018169
