2 0.053834 0.551870 0.108449 0.260010
2 0.126238 0.522929 0.099237 0.102771
2 0.215920 0.516432 0.052446 0.067243
2 0.316813 0.515565 0.026126 0.048180
2 0.340208 0.519898 0.022227 0.039515
2 0.359217 0.520764 0.019303 0.037782
2 0.370427 0.519898 0.012479 0.036049
2 0.464983 0.521349 0.028076 0.047009
2 0.483505 0.524230 0.020277 0.030850
2 0.516884 0.555278 0.083137 0.117790
2 0.425016 0.536361 0.063169 0.082840
2 0.270997 0.525665 0.096312 0.111164
3 0.103147 0.464202 0.207075 0.181108
3 0.402832 0.490478 0.059743 0.122615
3 0.291955 0.480905 0.060245 0.068976
9 0.622902 0.471374 0.006630 0.022185
2 0.985043 0.558890 0.025151 0.020452
9 0.958724 0.377792 0.056345 0.101902
