9 0.416382 0.413095 0.030304 0.048627
9 0.205684 0.464442 0.045622 0.039515
9 0.252475 0.472240 0.045622 0.037782
3 0.671643 0.521631 0.041723 0.039515
2 0.964085 0.529429 0.035874 0.037782
2 0.884638 0.532895 0.032950 0.027384
2 0.726719 0.527696 0.021252 0.023918
2 0.704299 0.532895 0.025151 0.023918
2 0.649222 0.534628 0.020277 0.020452
2 0.638012 0.517298 0.025151 0.020452
2 0.629726 0.532895 0.024177 0.030850
2 0.599507 0.521631 0.020277 0.022185
2 0.580498 0.527696 0.013454 0.023918
2 0.604381 0.528562 0.028076 0.025651
2 0.607793 0.555424 0.054396 0.051646
2 0.400159 0.511233 0.019303 0.029117
2 0.381637 0.506034 0.013454 0.022185
2 0.368965 0.509500 0.011504 0.015253
2 0.268072 0.529429 0.008580 0.020452
2 0.259299 0.524230 0.010529 0.013520
2 0.259299 0.538094 0.012479 0.020452
2 0.250038 0.525096 0.013454 0.011787
2 0.245164 0.539827 0.019303 0.027384
2 0.235903 0.526829 0.012479 0.011787
2 0.224693 0.527696 0.011504 0.013520
2 0.227130 0.549358 0.020277 0.029117
2 0.182289 0.529429 0.012479 0.016986
2 0.191550 0.532028 0.011504 0.018719
2 0.176440 0.538960 0.012479 0.025651
2 0.189600 0.544159 0.021252 0.022185
2 0.164255 0.535494 0.027101 0.015253
2 0.143297 0.542426 0.018328 0.029117
2 0.117464 0.542426 0.048547 0.042981
2 0.086758 0.532895 0.022227 0.023918
2 0.067262 0.533624 0.024177 0.020793
2 0.007798 0.530295 0.014429 0.022185
2 0.034606 0.541560 0.050496 0.048180
2 0.108691 0.554887 0.046597 0.052718
2 0.162306 0.552824 0.034900 0.039515
2 0.431352 0.514699 0.021252 0.029117
4 0.467420 0.514699 0.050496 0.088038
2 0.519895 0.595034 0.146357 0.217516
9 0.415268 0.457510 0.008580 0.022185
