2 0.494311 0.533633 0.017975 0.031955
2 0.459924 0.539236 0.038034 0.070163
2 0.435566 0.551972 0.038034 0.085446
2 0.420522 0.553246 0.045198 0.103276
2 0.340911 0.571680 0.138513 0.170711
2 0.544458 0.527774 0.012244 0.016672
2 0.564517 0.526500 0.026571 0.039596
2 0.568815 0.536689 0.026571 0.034502
2 0.596755 0.540000 0.039466 0.077804
2 0.611799 0.546368 0.049496 0.090540
2 0.640841 0.560887 0.081790 0.108370
2 0.146860 0.630771 0.291636 0.286310
2 0.872335 0.644652 0.254548 0.279004
9 0.426253 0.441934 0.019407 0.014125
9 0.433417 0.467406 0.019407 0.019219
9 0.483565 0.500519 0.013676 0.019219
9 0.599620 0.464859 0.013676 0.009030
9 0.592456 0.475048 0.016542 0.014125
9 0.252886 0.369340 0.016542 0.037049
2 0.530130 0.532359 0.012244 0.016672
