9 0.254537 0.341943 0.037970 0.052574
9 0.253937 0.396327 0.015177 0.046176
8 0.497465 0.470971 0.007979 0.024849
8 0.578441 0.465639 0.009179 0.022716
8 0.597635 0.513625 0.009179 0.020583
9 0.597035 0.494431 0.010378 0.012052
2 0.545451 0.542417 0.022375 0.026981
2 0.524457 0.544549 0.013977 0.022716
2 0.511860 0.541350 0.017576 0.029114
2 0.494466 0.540284 0.030772 0.048308
2 0.479470 0.553080 0.029573 0.048308
2 0.448279 0.553080 0.053566 0.082431
2 0.436283 0.572274 0.053566 0.095228
2 0.395495 0.586137 0.084756 0.122953
2 0.305348 0.613950 0.190672 0.191374
2 0.566444 0.549881 0.016377 0.020583
2 0.579041 0.544549 0.015177 0.031247
2 0.586238 0.544549 0.022375 0.039777
2 0.608432 0.549881 0.040369 0.063237
2 0.634224 0.559478 0.036771 0.069635
2 0.662416 0.563744 0.054765 0.120820
2 0.724083 0.582938 0.128996 0.167739
2 0.819833 0.635690 0.221869 0.209262
