2 0.537438 0.520790 0.028823 0.048314
2 0.595073 0.539522 0.051686 0.072275
2 0.466456 0.547093 0.040655 0.060508
2 0.527215 0.546273 0.036857 0.052022
2 0.209170 0.681181 0.256388 0.258548
2 0.818196 0.560204 0.089072 0.098420
2 0.925949 0.644035 0.145085 0.338685
0 0.497468 0.526019 0.008376 0.035144
8 0.480854 0.506610 0.007427 0.019954
8 0.531645 0.469479 0.008376 0.019954
8 0.600000 0.465260 0.010275 0.025018
8 0.490823 0.360900 0.010275 0.030081
8 0.719936 0.387060 0.010275 0.021642
9 0.886076 0.426160 0.031161 0.023330
8 0.383544 0.509986 0.008376 0.016579
0 0.373576 0.553868 0.011224 0.060461
0 0.434335 0.543741 0.011224 0.073963
