2 0.006773 0.323906 0.008691 0.020139
2 0.013365 0.328594 0.011328 0.029514
2 0.019957 0.330937 0.011328 0.029514
2 0.029185 0.337969 0.011328 0.043576
2 0.031822 0.345000 0.008691 0.024826
2 0.046324 0.334453 0.029785 0.059983
2 0.055552 0.341484 0.032422 0.059983
2 0.075328 0.354375 0.045605 0.071701
2 0.079283 0.362578 0.032422 0.064670
2 0.097740 0.371953 0.040332 0.078733
2 0.117515 0.386015 0.053516 0.106858
2 0.172227 0.405129 0.107568 0.138942
2 0.248033 0.449297 0.180078 0.181858
2 0.909709 0.546366 0.179800 0.231468
