2 0.187817 0.354825 0.029628 0.059602
2 0.431924 0.344430 0.014815 0.019407
2 0.445567 0.352746 0.020272 0.036040
2 0.419059 0.343044 0.015595 0.019407
2 0.403467 0.347202 0.023391 0.033268
2 0.349132 0.357597 0.043180 0.054058
2 0.249938 0.358779 0.091357 0.116376
2 0.485459 0.389984 0.089661 0.123268
2 0.533433 0.363973 0.024171 0.065147
2 0.625432 0.356350 0.014815 0.022179
2 0.576314 0.377834 0.081864 0.112272
2 0.799656 0.441112 0.345385 0.376324
2 0.375711 0.341831 0.028069 0.044703
8 0.519244 0.300423 0.007018 0.011091
8 0.546531 0.304582 0.007018 0.011091
8 0.570311 0.301809 0.006239 0.013863
9 0.513007 0.280326 0.010137 0.015249
9 0.477923 0.310819 0.005459 0.018021
9 0.589412 0.278940 0.017933 0.040198
9 0.513397 0.294186 0.006239 0.012477
9 0.596429 0.317402 0.008578 0.012477
8 0.008576 0.277207 0.010137 0.018021
9 0.016080 0.260674 0.021052 0.013863
