9 0.102842 0.301541 0.023202 0.046447
2 0.077985 0.394256 0.051471 0.037782
2 0.126238 0.378659 0.044648 0.027384
9 0.619003 0.194962 0.041723 0.058578
9 0.616566 0.253883 0.032950 0.044714
9 0.596582 0.128241 0.033925 0.042981
9 0.597557 0.055456 0.039774 0.036049
8 0.147196 0.165501 0.018328 0.068976
8 0.735493 0.269480 0.015403 0.023918
8 0.661407 0.265148 0.017353 0.025651
4 0.945564 0.378003 0.108010 0.362273
3 0.865629 0.364921 0.106060 0.259857
2 0.645323 0.459088 0.271778 0.363750
2 0.355317 0.499968 0.452117 0.512621
8 0.382125 0.233954 0.012479 0.025651
2 0.791653 0.427986 0.049745 0.082377
9 0.100925 0.017461 0.175910 0.034379
2 0.536428 0.329833 0.051812 0.081801
