9 0.113565 0.263415 0.021252 0.032583
9 0.711610 0.345732 0.024177 0.030850
9 0.713072 0.307606 0.021252 0.034316
9 0.487891 0.430648 0.005655 0.016986
2 0.436227 0.444512 0.011504 0.020452
2 0.435252 0.467041 0.015403 0.023918
2 0.426966 0.472240 0.012479 0.027384
2 0.421604 0.474840 0.013454 0.029117
2 0.414293 0.477439 0.018328 0.027384
2 0.404545 0.482638 0.014429 0.030850
2 0.391873 0.486104 0.016378 0.034316
2 0.384074 0.493036 0.016378 0.037782
2 0.373839 0.495636 0.025151 0.036049
2 0.361654 0.509500 0.031975 0.056845
2 0.462059 0.432381 0.008580 0.016986
2 0.465958 0.447978 0.016378 0.023918
2 0.476194 0.493903 0.021252 0.039515
2 0.485454 0.515565 0.031975 0.082839
2 0.502026 0.525963 0.043673 0.079374
2 0.533220 0.533761 0.053421 0.105368
2 0.340208 0.515565 0.043673 0.058578
2 0.596827 0.554633 0.122147 0.139877
2 0.966010 0.783312 0.067117 0.292531
