8 0.262617 0.225937 0.017656 0.085764
8 0.598008 0.494062 0.019766 0.037014
8 0.581133 0.490312 0.013437 0.037014
8 0.245742 0.225937 0.019766 0.070764
8 0.285820 0.229687 0.017656 0.074514
8 0.111797 0.503437 0.017656 0.037014
8 0.098613 0.500625 0.014492 0.035139
9 0.131836 0.437812 0.034531 0.063264
9 0.573222 0.540000 0.031367 0.053889
9 0.119180 0.349687 0.032422 0.022014
2 0.454043 0.678437 0.010273 0.033264
3 0.437716 0.651269 0.037695 0.089514
2 0.486759 0.669082 0.040859 0.050139
9 0.144492 0.385312 0.011328 0.025764
2 0.221484 0.700312 0.422656 0.303264
0 0.195117 0.673125 0.127344 0.436389
