2 0.701862 0.538960 0.028076 0.049913
2 0.594633 0.527241 0.022227 0.049090
2 0.462059 0.531162 0.020277 0.041248
2 0.489354 0.528562 0.037824 0.060311
2 0.509337 0.533761 0.031000 0.053379
2 0.553203 0.540693 0.066093 0.105368
2 0.640130 0.577942 0.121019 0.134809
3 0.401628 0.428091 0.102146 0.146876
3 0.282194 0.466988 0.039394 0.061713
2 0.217870 0.546759 0.048547 0.048180
2 0.195936 0.549358 0.049522 0.053379
2 0.178390 0.546759 0.037824 0.051646
2 0.160356 0.549358 0.052446 0.053379
2 0.105767 0.557571 0.075841 0.068148
2 0.103330 0.525963 0.078766 0.055112
2 0.357754 0.606570 0.219138 0.337635
