9 0.392792 0.359952 0.039394 0.103592
9 0.456717 0.325630 0.062561 0.022745
9 0.455430 0.372918 0.075432 0.068508
9 0.552390 0.324868 0.039394 0.024270
9 0.539948 0.373681 0.072858 0.063931
9 0.598724 0.382834 0.023949 0.048677
2 0.693539 0.577140 0.153514 0.162714
2 0.446849 0.556877 0.077148 0.103883
2 0.362614 0.537657 0.060280 0.086799
2 0.160260 0.533088 0.053122 0.041050
2 0.597437 0.550630 0.071141 0.097491
2 0.554106 0.538516 0.049690 0.076314
2 0.521929 0.532325 0.029955 0.051728
2 0.502623 0.523935 0.010220 0.044101
2 0.494900 0.532325 0.006788 0.033423
2 0.025859 0.549105 0.052498 0.051728
2 0.414673 0.526986 0.012794 0.019694
