9 0.271339 0.584619 0.025353 0.041951
9 0.538407 0.499334 0.024768 0.048192
9 0.425203 0.606980 0.011312 0.024270
9 0.386006 0.617901 0.013652 0.027390
9 0.269876 0.536776 0.025938 0.056512
2 0.407007 0.667200 0.011897 0.027390
2 0.384483 0.670320 0.046414 0.062753
2 0.309598 0.674480 0.034713 0.050272
2 0.489496 0.650559 0.023598 0.021150
2 0.358950 0.688001 0.069230 0.083554
2 0.207175 0.667720 0.084441 0.059632
2 0.073495 0.706202 0.089707 0.059632
2 0.116495 0.734284 0.084441 0.072113
2 0.446664 0.686441 0.079176 0.117876
2 0.235926 0.742084 0.182727 0.193800
