9 0.396562 0.341326 0.016279 0.028940
9 0.411543 0.403775 0.011113 0.025266
8 0.479215 0.379286 0.008013 0.025266
8 0.428590 0.392143 0.010080 0.025266
8 0.383648 0.379286 0.011113 0.025266
8 0.334056 0.387551 0.009047 0.023430
2 0.406033 0.443571 0.015246 0.023430
2 0.393119 0.446326 0.010080 0.025266
2 0.503150 0.447245 0.023511 0.038124
2 0.531046 0.457347 0.042108 0.054654
2 0.026346 0.483979 0.053473 0.096899
2 0.090918 0.470204 0.099965 0.095062
2 0.150842 0.469286 0.068970 0.089552
2 0.366773 0.453673 0.062771 0.073022
2 0.223163 0.448163 0.029710 0.028940
2 0.284636 0.469286 0.100998 0.107919
2 0.462857 0.449082 0.013179 0.012409
2 0.425147 0.449082 0.014212 0.019756
2 0.590969 0.470204 0.072070 0.098736
