2 0.018928 0.603010 0.037053 0.131430
2 0.083282 0.534592 0.163421 0.209401
2 0.171037 0.526272 0.116618 0.130357
2 0.230126 0.517951 0.063965 0.105395
2 0.262303 0.505470 0.053434 0.088754
2 0.379895 0.507550 0.031203 0.042991
2 0.402126 0.503390 0.019502 0.038831
2 0.417922 0.502350 0.020672 0.036751
8 0.480521 0.417065 0.012482 0.020110
8 0.400956 0.426426 0.007802 0.018030
8 0.436643 0.462828 0.011312 0.020110
8 0.403881 0.454507 0.008972 0.020110
2 0.448344 0.479469 0.013652 0.020110
8 0.529664 0.474268 0.010142 0.022190
8 0.516793 0.481549 0.010142 0.015950
9 0.389256 0.421225 0.012482 0.020110
9 0.528494 0.412905 0.010142 0.015950
9 0.524984 0.430586 0.012482 0.013870
