2 0.242789 0.481500 0.036641 0.031389
2 0.204293 0.475875 0.031367 0.035139
2 0.024996 0.517693 0.048242 0.112753
2 0.117281 0.483375 0.099922 0.061389
2 0.447926 0.487125 0.010273 0.020139
2 0.427887 0.482437 0.018711 0.033264
2 0.458472 0.490875 0.012383 0.020139
2 0.412104 0.499736 0.037620 0.060362
2 0.490113 0.485250 0.041914 0.083889
2 0.694195 0.547511 0.091484 0.116867
2 0.600206 0.534652 0.136026 0.187584
8 0.007383 0.399062 0.011328 0.022014
8 0.182461 0.335312 0.011328 0.033264
8 0.192480 0.335312 0.008164 0.037014
8 0.263672 0.367500 0.011328 0.023889
8 0.345937 0.463750 0.009219 0.016389
8 0.411328 0.455625 0.009219 0.020139
8 0.422402 0.440625 0.010273 0.016389
8 0.462480 0.448125 0.012383 0.020139
8 0.574277 0.408750 0.014492 0.031389
8 0.504140 0.382500 0.013437 0.027639
9 0.325371 0.396562 0.014492 0.025764
9 0.326426 0.421875 0.014492 0.020139
9 0.520137 0.361562 0.067227 0.055764
9 0.381269 0.449687 0.010273 0.018264
8 0.058008 0.404687 0.011328 0.018264
