8 0.389993 0.414783 0.006784 0.022733
8 0.404000 0.421008 0.008785 0.024511
2 0.368482 0.476146 0.029796 0.049413
2 0.339468 0.472589 0.011787 0.024511
2 0.334465 0.479704 0.013788 0.031626
2 0.324961 0.482372 0.010786 0.026290
2 0.318457 0.481482 0.013788 0.035183
2 0.305451 0.483261 0.025794 0.038741
2 0.288443 0.487708 0.031797 0.044077
2 0.204401 0.480593 0.045803 0.068978
2 0.142871 0.510830 0.082822 0.104551
2 0.241920 0.519723 0.116839 0.129452
2 0.433014 0.464585 0.014788 0.019175
2 0.438016 0.469921 0.014788 0.022733
2 0.445020 0.474368 0.016789 0.031626
2 0.457526 0.486818 0.023793 0.045855
2 0.476035 0.495712 0.028795 0.060085
2 0.489542 0.511719 0.023793 0.067199
2 0.511553 0.507273 0.049805 0.129452
2 0.543068 0.517055 0.078820 0.163247
2 0.640329 0.543908 0.191301 0.241162
2 0.832674 0.666110 0.333871 0.443569
