2 0.341719 0.481750 0.019344 0.035889
2 0.232875 0.481750 0.037906 0.032889
2 0.199547 0.481750 0.030312 0.050889
2 0.167062 0.478750 0.039594 0.053889
2 0.108844 0.484750 0.049719 0.056889
2 0.050203 0.492000 0.082625 0.055389
2 0.448172 0.489750 0.045500 0.068889
2 0.495844 0.516000 0.066594 0.103389
2 0.537431 0.535750 0.094643 0.134889
2 0.687714 0.597165 0.287210 0.280465
2 0.388753 0.503250 0.089545 0.146889
8 0.243000 0.388750 0.014281 0.020889
8 0.380531 0.306250 0.009219 0.041889
8 0.394875 0.299000 0.010906 0.040389
9 0.242578 0.425250 0.015125 0.025389
9 0.490219 0.399750 0.019344 0.019389
9 0.493172 0.308250 0.018500 0.010389
9 0.023203 0.340500 0.026937 0.047889
2 0.317250 0.480000 0.029469 0.035889
