9 0.869917 0.599951 0.024512 0.068576
9 0.869038 0.642920 0.017480 0.013889
9 0.867281 0.546045 0.024512 0.020139
2 0.363228 0.659326 0.014844 0.024826
2 0.353560 0.660889 0.011328 0.027951
2 0.425191 0.660107 0.013965 0.017014
2 0.439253 0.666357 0.019238 0.029514
2 0.456831 0.666357 0.026270 0.038889
2 0.336861 0.663765 0.023633 0.027454
2 0.311372 0.664014 0.028906 0.034201
2 0.270943 0.669204 0.053516 0.063332
2 0.205384 0.663857 0.084438 0.112014
2 0.375557 0.659375 0.010449 0.017014
3 0.485400 0.667895 0.048742 0.065336
