8 0.248640 0.381495 0.006632 0.042991
8 0.240449 0.383575 0.011312 0.038831
8 0.259171 0.382535 0.013652 0.040911
8 0.570994 0.400216 0.010142 0.034671
8 0.555783 0.402296 0.007802 0.030511
8 0.562804 0.402296 0.007802 0.038831
8 0.187796 0.540000 0.011312 0.013870
8 0.026327 0.516079 0.020672 0.032591
8 0.682736 0.510879 0.008972 0.018030
8 0.784532 0.469276 0.023013 0.030511
9 0.776225 0.318259 0.024183 0.009709
9 0.656292 0.427466 0.018332 0.032591
9 0.657462 0.391063 0.018332 0.042991
9 0.205347 0.505470 0.008972 0.026350
0 0.289592 0.611557 0.006632 0.034671
0 0.329960 0.595956 0.007802 0.036751
0 0.346341 0.606356 0.005462 0.036751
0 0.299538 0.594916 0.012482 0.063793
2 0.420640 0.602196 0.025353 0.032591
2 0.566314 0.537712 0.078006 0.032591
2 0.836444 0.567874 0.043995 0.092914
2 0.775054 0.567874 0.106088 0.076273
2 0.556942 0.764938 0.327441 0.438783
2 0.389516 0.603444 0.037053 0.036751
2 0.134792 0.617589 0.076134 0.053392
2 0.056581 0.637347 0.113943 0.127046
8 0.483767 0.533383 0.005248 0.025212
2 0.477811 0.532059 0.005248 0.022565
0 0.289605 0.610147 0.011204 0.035801
