2 0.488020 0.572628 0.015506 0.020087
2 0.521676 0.571693 0.011299 0.018217
2 0.511684 0.574498 0.014454 0.023827
2 0.564799 0.569824 0.013402 0.018217
2 0.549022 0.578238 0.015506 0.023827
2 0.531668 0.579173 0.018661 0.025696
2 0.469088 0.583847 0.028127 0.038785
2 0.423336 0.581977 0.029179 0.038785
2 0.594248 0.600675 0.057577 0.064962
2 0.346031 0.596165 0.065991 0.089597
9 0.299228 0.540063 0.014454 0.044394
9 0.439814 0.557514 0.010247 0.014478
9 0.587061 0.553775 0.012351 0.018217
9 0.648357 0.544425 0.021351 0.048134
9 0.320789 0.511392 0.091233 0.055613
9 0.356023 0.477736 0.018661 0.010738
