2 0.382332 0.495481 0.010252 0.016695
2 0.352629 0.519206 0.009391 0.021287
2 0.344449 0.524563 0.011974 0.016695
2 0.339714 0.529155 0.014557 0.022817
2 0.334118 0.533747 0.015418 0.019756
2 0.375014 0.513849 0.016279 0.013634
4 0.396108 0.534512 0.024027 0.033532
2 0.323499 0.539541 0.021445 0.024348
2 0.401847 0.497449 0.014557 0.019756
2 0.405291 0.549490 0.016279 0.022817
2 0.418205 0.549490 0.014557 0.025879
2 0.375587 0.542602 0.029193 0.042715
2 0.450922 0.538776 0.057605 0.087103
2 0.427245 0.492122 0.015418 0.027409
9 0.936537 0.357428 0.029193 0.036593
4 0.301517 0.533383 0.035028 0.051683
