8 0.543943 0.230488 0.012479 0.056845
8 0.522984 0.230488 0.011504 0.046447
8 0.386999 0.137773 0.014429 0.075908
8 0.352880 0.131707 0.010529 0.063777
8 0.370427 0.132574 0.020277 0.079374
8 0.533220 0.231354 0.010529 0.055112
8 0.028757 0.246951 0.048547 0.055112
8 0.673592 0.409853 0.014429 0.023918
9 0.712097 0.414185 0.017353 0.029117
9 0.269534 0.092715 0.095338 0.068976
9 0.068237 0.166367 0.070967 0.108834
9 0.082859 0.023395 0.043673 0.048180
2 0.520547 0.480039 0.016378 0.049913
2 0.545134 0.486104 0.048005 0.065510
2 0.341183 0.526829 0.055370 0.049913
2 0.194053 0.404654 0.086432 0.062044
2 0.130137 0.414924 0.124582 0.079629
2 0.043866 0.407762 0.053421 0.026668
2 0.438664 0.538094 0.148952 0.162557
2 0.867092 0.502922 0.263005 0.194259
0 0.618028 0.486104 0.016378 0.065510
