9 0.313411 0.081879 0.050208 0.098578
9 0.319027 0.164423 0.052455 0.069288
9 0.313411 0.015311 0.045715 0.032010
2 0.669508 0.365689 0.055450 0.068828
2 0.599861 0.355473 0.032984 0.049318
2 0.433608 0.372115 0.056948 0.066626
2 0.540324 0.352145 0.026244 0.037336
2 0.488651 0.358136 0.024746 0.038667
2 0.302177 0.383174 0.047212 0.065809
2 0.824379 0.406390 0.301260 0.386931
9 0.738780 0.233654 0.016508 0.037336
2 0.620456 0.354808 0.018006 0.026685
2 0.638804 0.347485 0.020252 0.028016
2 0.566910 0.350148 0.023248 0.033342
2 0.190274 0.420079 0.109263 0.068736
2 0.504528 0.359620 0.016279 0.024348
