2 0.925204 0.520122 0.144951 0.213423
2 0.672864 0.428390 0.030813 0.039524
2 0.315486 0.461186 0.038535 0.068508
2 0.342085 0.458136 0.026523 0.050202
2 0.366111 0.451271 0.029955 0.042575
3 0.275157 0.471864 0.071141 0.080711
2 0.411587 0.438305 0.007646 0.025796
2 0.399146 0.442119 0.018800 0.030372
2 0.430035 0.445932 0.035961 0.059355
2 0.448054 0.417712 0.011936 0.024270
2 0.455777 0.415424 0.008504 0.016643
2 0.520560 0.424576 0.005930 0.022745
2 0.525279 0.425339 0.010220 0.021219
2 0.537721 0.427373 0.019658 0.032406
2 0.492244 0.407797 0.007646 0.013592
2 0.497392 0.410847 0.005930 0.016643
4 0.506402 0.413390 0.013652 0.028847
2 0.473367 0.415678 0.011078 0.015118
2 0.481947 0.411864 0.007646 0.013592
2 0.583418 0.436441 0.035545 0.043762
9 0.542440 0.343220 0.017084 0.010541
9 0.598204 0.362034 0.008504 0.010541
2 0.515831 0.417712 0.005072 0.018169
9 0.604211 0.378051 0.006788 0.021219
8 0.393130 0.349068 0.005072 0.018169
8 0.518263 0.342076 0.004213 0.018169
8 0.510111 0.361144 0.005072 0.013592
0 0.078472 0.494769 0.019303 0.082839
