2 0.173541 0.582632 0.093337 0.057483
2 0.261890 0.598899 0.051266 0.021209
2 0.607080 0.560007 0.051266 0.063093
2 0.633374 0.594599 0.080715 0.091140
2 0.660194 0.623581 0.107010 0.119187
2 0.759586 0.639474 0.145925 0.222026
2 0.305433 0.588428 0.028127 0.025696
2 0.883768 0.679026 0.229794 0.411075
2 0.453732 0.730804 0.368899 0.439839
9 0.216664 0.417902 0.051266 0.055613
9 0.444897 0.488020 0.011299 0.016347
9 0.694692 0.439405 0.035490 0.050004
9 0.699425 0.485215 0.017610 0.021957
9 0.443320 0.505783 0.020765 0.010738
2 0.525883 0.512327 0.065991 0.031306
8 0.402827 0.498304 0.013402 0.021957
8 0.567428 0.487085 0.014454 0.021957
8 0.653147 0.531960 0.013402 0.025696
8 0.473295 0.502978 0.011299 0.016347
8 0.230863 0.500173 0.012351 0.021957
8 0.273459 0.531960 0.013402 0.021957
