0 0.165066 0.495809 0.027650 0.074519
0 0.848505 0.531347 0.010141 0.047979
0 0.820115 0.523028 0.015757 0.037995
0 0.903103 0.530793 0.026988 0.062400
0 0.836962 0.543550 0.018252 0.076820
8 0.554961 0.462017 0.007021 0.011372
0 0.487884 0.497514 0.005149 0.022465
0 0.449822 0.495850 0.006397 0.025793
8 0.609153 0.444823 0.005773 0.029121
9 0.757347 0.429293 0.012013 0.018028
2 0.521797 0.497514 0.007021 0.012482
2 0.515869 0.502506 0.011389 0.029121
2 0.540828 0.509162 0.023868 0.044651
2 0.547692 0.519700 0.016381 0.043542
2 0.569843 0.524137 0.035724 0.072383
2 0.739876 0.550760 0.028860 0.072383
2 0.650882 0.527703 0.015133 0.036886
2 0.687696 0.538241 0.078778 0.106771
3 0.295395 0.481984 0.113720 0.137831
2 0.378595 0.539112 0.080650 0.099006
2 0.504014 0.510271 0.024492 0.034667
2 0.608529 0.544659 0.082522 0.123410
2 0.781370 0.558670 0.091257 0.091531
2 0.949416 0.579601 0.100387 0.182202
3 0.536773 0.490304 0.020748 0.047979
0 0.137118 0.477547 0.013885 0.052416
0 0.457216 0.489195 0.012637 0.026902
2 0.484306 0.495590 0.011498 0.019080
