9 0.566416 0.189140 0.070654 0.111545
9 0.462266 0.178594 0.078564 0.123264
9 0.367344 0.172734 0.075928 0.083420
9 0.269786 0.168047 0.097021 0.106858
9 0.689683 0.400078 0.013965 0.022483
9 0.607285 0.411797 0.020557 0.069358
9 0.541367 0.451640 0.010010 0.027170
9 0.529502 0.448125 0.012646 0.015451
9 0.168931 0.302812 0.021875 0.024826
9 0.279673 0.402422 0.016602 0.036545
9 0.327134 0.412968 0.037695 0.029514
2 0.393711 0.475078 0.015283 0.022483
2 0.379209 0.475078 0.017920 0.031858
2 0.359434 0.478593 0.028467 0.043576
2 0.226280 0.496981 0.099658 0.100552
2 0.453037 0.479765 0.015283 0.022483
2 0.437217 0.478593 0.017920 0.029514
2 0.413487 0.482109 0.031103 0.041233
2 0.328453 0.484453 0.037695 0.045920
3 0.484361 0.461333 0.031738 0.069994
2 0.098968 0.538604 0.198716 0.218867
