9 0.549387 0.143489 0.017059 0.046244
9 0.804953 0.158682 0.028454 0.021646
9 0.837103 0.084164 0.032524 0.080971
9 0.693448 0.125402 0.013804 0.024540
9 0.651939 0.170257 0.025198 0.044797
9 0.549387 0.190997 0.020315 0.020199
9 0.516831 0.227170 0.012176 0.028881
8 0.413464 0.227274 0.007293 0.020199
8 0.465332 0.230611 0.008920 0.018752
2 0.111888 0.342198 0.224557 0.375439
2 0.014560 0.535621 0.028454 0.269395
2 0.279682 0.332955 0.136050 0.178695
2 0.361242 0.286350 0.019501 0.028881
2 0.350661 0.289968 0.017873 0.039009
2 0.342522 0.295755 0.021129 0.047691
2 0.421197 0.289389 0.012176 0.012964
2 0.408174 0.285772 0.018687 0.020199
2 0.398000 0.287942 0.008106 0.021646
2 0.472473 0.285772 0.023571 0.046244
2 0.481833 0.295177 0.032524 0.047691
2 0.507471 0.298071 0.043104 0.067948
2 0.771176 0.400142 0.228675 0.240012
2 0.855024 0.518701 0.289171 0.459597
2 0.436661 0.281431 0.021943 0.034669
2 0.388233 0.285048 0.027640 0.033222
2 0.572991 0.314710 0.112288 0.150424
