8 0.455723 0.453177 0.005655 0.023918
8 0.460597 0.454044 0.005655 0.022185
8 0.382125 0.493903 0.010529 0.015253
9 0.112103 0.350064 0.028076 0.042981
9 0.389436 0.461842 0.015403 0.010054
9 0.381150 0.455777 0.014429 0.015253
9 0.541506 0.510366 0.007605 0.016986
9 0.556128 0.494769 0.013454 0.010054
8 0.560515 0.514699 0.004680 0.015253
9 0.838725 0.372593 0.049522 0.112300
9 0.851885 0.441913 0.027101 0.032583
2 0.457672 0.528562 0.011504 0.018719
2 0.452798 0.538960 0.011504 0.025651
2 0.415268 0.551091 0.016378 0.039515
2 0.402596 0.555424 0.024177 0.055112
2 0.383587 0.556290 0.034900 0.056845
2 0.355317 0.569288 0.054396 0.079374
2 0.310964 0.581419 0.078766 0.100169
2 0.232004 0.600482 0.143103 0.148693
2 0.528346 0.545892 0.012479 0.022185
0 0.611205 0.543293 0.008580 0.034316
2 0.621440 0.547625 0.017353 0.039515
2 0.654583 0.583152 0.087539 0.114033
2 0.803632 0.558023 0.057320 0.053379
2 0.861633 0.564089 0.044648 0.051646
2 0.903062 0.567555 0.043673 0.041248
2 0.949853 0.571021 0.055370 0.051646
2 0.089525 0.641207 0.179831 0.368783
2 0.986721 0.574833 0.025777 0.044714
2 0.722820 0.624744 0.141154 0.150426
2 0.478533 0.547972 0.044648 0.074175
2 0.442465 0.541907 0.019303 0.027384
4 0.506413 0.525096 0.038799 0.084572
9 0.410882 0.499102 0.013454 0.008321
