2 0.064825 0.623011 0.130431 0.211081
2 0.864655 0.707927 0.267879 0.581941
1 0.312913 0.556290 0.026126 0.115766
0 0.175465 0.538094 0.014429 0.100169
0 0.201298 0.542426 0.025151 0.094970
7 0.306577 0.572754 0.025151 0.082839
2 0.279282 0.563222 0.079741 0.088038
2 0.331435 0.543293 0.045622 0.082839
2 0.361166 0.536361 0.025151 0.068976
2 0.379200 0.533761 0.014429 0.056845
2 0.391873 0.532028 0.016378 0.036049
2 0.433789 0.519898 0.014429 0.046447
2 0.517623 0.521631 0.028076 0.067243
2 0.473802 0.512966 0.047662 0.108834
2 0.418680 0.533761 0.038799 0.063777
9 0.781308 0.337067 0.032950 0.093237
2 0.444512 0.503434 0.014429 0.044714
0 0.653609 0.544159 0.009555 0.060311
