2 0.516269 0.609375 0.019238 0.029514
2 0.532749 0.614062 0.015283 0.024826
2 0.536704 0.622265 0.017920 0.022483
2 0.591416 0.625781 0.016602 0.024826
2 0.627670 0.590625 0.015283 0.015451
2 0.646787 0.589453 0.040332 0.017795
2 0.684360 0.611718 0.054834 0.062326
2 0.711386 0.600000 0.021875 0.029514
2 0.760825 0.588281 0.010010 0.024826
2 0.727207 0.592968 0.013965 0.029514
2 0.746323 0.589453 0.023193 0.027170
2 0.975453 0.592968 0.046924 0.057639
2 0.974309 0.780355 0.050601 0.235536
2 0.871925 0.682320 0.255370 0.242795
3 0.504536 0.594843 0.020557 0.024826
2 0.490693 0.597187 0.011328 0.015451
2 0.440332 0.620625 0.011328 0.024826
4 0.421347 0.619687 0.023457 0.037014
2 0.492407 0.659531 0.091748 0.118576
2 0.405395 0.633750 0.028467 0.029514
2 0.627386 0.637227 0.077468 0.080530
0 0.835312 0.550781 0.013965 0.034201
9 0.253916 0.546328 0.006055 0.027170
9 0.562807 0.546328 0.015283 0.017795
9 0.575332 0.574453 0.013965 0.027170
9 0.541186 0.590156 0.007373 0.020139
8 0.441518 0.577265 0.004736 0.027170
2 0.011389 0.700673 0.021374 0.126051
