4 0.065985 0.622005 0.131815 0.268776
2 0.987187 0.668864 0.023013 0.125156
3 0.560990 0.595019 0.037638 0.048192
9 0.412098 0.508694 0.026523 0.044031
9 0.679752 0.564233 0.016577 0.023230
2 0.728017 0.626243 0.054604 0.072694
2 0.783069 0.618733 0.086781 0.102275
2 0.851810 0.627573 0.115448 0.124116
2 0.924355 0.644214 0.108428 0.138677
2 0.363014 0.630693 0.038809 0.059632
2 0.301000 0.637974 0.030618 0.051312
2 0.283449 0.644214 0.036468 0.049232
2 0.216989 0.655145 0.101992 0.100216
2 0.150003 0.656175 0.038223 0.054432
