2 0.721669 0.628593 0.027148 0.067014
2 0.557929 0.594609 0.013965 0.022483
2 0.540527 0.629531 0.031895 0.067014
2 0.519829 0.605156 0.015283 0.029514
2 0.487529 0.603984 0.011328 0.022483
2 0.473686 0.601640 0.015283 0.022483
2 0.415678 0.614531 0.012646 0.020139
2 0.340268 0.627890 0.035850 0.032795
2 0.314560 0.631406 0.021348 0.044514
2 0.293071 0.630937 0.023193 0.034201
2 0.273955 0.630937 0.019238 0.034201
2 0.248906 0.630937 0.021875 0.034201
2 0.211992 0.634453 0.069336 0.031858
2 0.067764 0.654531 0.078301 0.043264
2 0.627539 0.653204 0.198535 0.185922
9 0.261694 0.512500 0.028467 0.024826
9 0.673286 0.473672 0.017920 0.045920
9 0.764252 0.439922 0.017920 0.022483
9 0.687788 0.521953 0.017920 0.013108
9 0.679218 0.532500 0.011328 0.015451
9 0.631757 0.546562 0.013965 0.024826
9 0.594184 0.546562 0.007373 0.020139
9 0.500581 0.551250 0.007373 0.020139
9 0.384565 0.551250 0.017920 0.015451
9 0.460371 0.571171 0.019238 0.017795
8 0.162158 0.141797 0.016602 0.118576
8 0.158862 0.043024 0.012646 0.083420
1 0.971301 0.591796 0.039014 0.137326
6 0.969521 0.628593 0.058789 0.109201
0 0.717055 0.598125 0.010010 0.029514
9 0.501372 0.583125 0.012646 0.010764
9 0.588383 0.552187 0.004736 0.020139
