9 0.483882 0.315068 0.027164 0.015664
9 0.288876 0.246752 0.017988 0.021782
9 0.286008 0.289237 0.014546 0.019742
9 0.511412 0.342598 0.011105 0.009546
9 0.442013 0.362991 0.012252 0.013625
8 0.349672 0.323225 0.013399 0.048292
8 0.286008 0.317107 0.012252 0.031978
8 0.458646 0.308950 0.013399 0.027899
8 0.232095 0.273943 0.005370 0.029939
8 0.222918 0.274962 0.012252 0.027899
2 0.641033 0.423489 0.047812 0.107431
2 0.709859 0.434572 0.139579 0.162759
2 0.852481 0.463255 0.258877 0.244063
2 0.488470 0.397998 0.045518 0.060528
2 0.462660 0.393920 0.023723 0.044214
2 0.373761 0.392900 0.024870 0.042174
2 0.311818 0.386782 0.020282 0.038096
2 0.036325 0.395825 0.073430 0.085267
2 0.116668 0.398678 0.066453 0.060528
2 0.190360 0.395545 0.065897 0.058340
2 0.250448 0.388482 0.028311 0.031978
2 0.280273 0.389501 0.035194 0.038096
2 0.343363 0.404796 0.055842 0.076842
2 0.410468 0.430287 0.086813 0.115588
2 0.565134 0.415370 0.120079 0.153579
2 0.975793 0.537009 0.046665 0.254259
