9 0.427941 0.338800 0.016378 0.034316
9 0.244189 0.356130 0.011504 0.023918
8 0.275383 0.361329 0.009555 0.016986
2 0.290005 0.433248 0.023202 0.056845
2 0.320224 0.446245 0.040748 0.075908
2 0.380175 0.436714 0.024177 0.049913
2 0.402108 0.448845 0.032950 0.063777
2 0.425504 0.456643 0.044648 0.065510
2 0.478143 0.458376 0.087539 0.120965
2 0.533220 0.492170 0.117758 0.119232
2 0.660432 0.527696 0.188919 0.218013
2 0.213483 0.425449 0.028076 0.037782
2 0.179852 0.450578 0.034900 0.077641
2 0.198373 0.443646 0.040748 0.060311
2 0.228592 0.421117 0.017353 0.036049
2 0.252963 0.408120 0.034900 0.037782
2 0.258324 0.439313 0.053421 0.089771
2 0.348494 0.456643 0.058295 0.086305
2 0.156944 0.441913 0.045622 0.115766
2 0.076025 0.447885 0.152830 0.183540
2 0.014622 0.543293 0.030025 0.127897
