2 0.085471 0.399790 0.097754 0.085198
2 0.190656 0.407718 0.045375 0.046691
2 0.242895 0.398658 0.042827 0.046691
2 0.280481 0.407718 0.016071 0.024040
2 0.332083 0.396392 0.058117 0.046691
2 0.381774 0.395260 0.027538 0.030835
2 0.427642 0.443519 0.098888 0.131884
2 0.474147 0.402055 0.021167 0.026305
2 0.491985 0.405453 0.016071 0.033100
2 0.509186 0.408850 0.017345 0.030835
2 0.530209 0.412248 0.026264 0.055751
2 0.554417 0.419043 0.028812 0.060281
2 0.646153 0.458109 0.186803 0.244901
2 0.831668 0.488129 0.188337 0.230164
2 0.956401 0.584746 0.086147 0.185492
8 0.431464 0.361283 0.012248 0.026305
8 0.453124 0.370344 0.007152 0.021775
2 0.381137 0.360151 0.013522 0.014979
9 0.355017 0.266149 0.027538 0.053486
