2 0.136450 0.379297 0.044287 0.050608
2 0.261035 0.387109 0.042969 0.055295
2 0.353320 0.390625 0.019238 0.024826
2 0.311133 0.387109 0.021875 0.031858
2 0.332886 0.394140 0.017920 0.031858
2 0.380346 0.394140 0.015283 0.027170
2 0.390234 0.385547 0.011328 0.022483
2 0.406054 0.387500 0.013965 0.024826
2 0.419238 0.394531 0.016602 0.024826
2 0.448901 0.403906 0.020557 0.024826
9 0.214233 0.202734 0.046924 0.083420
9 0.674340 0.160547 0.031103 0.022483
9 0.673461 0.191406 0.020557 0.029514
9 0.686645 0.223047 0.025830 0.031858
2 0.060644 0.394712 0.122070 0.229152
9 0.212256 0.375781 0.016602 0.034201
