9 0.602385 0.292030 0.020234 0.027006
9 0.308433 0.330455 0.025998 0.039814
9 0.307352 0.368881 0.016632 0.037252
9 0.063473 0.366776 0.015911 0.033776
9 0.033214 0.327253 0.018793 0.010355
9 0.033214 0.373363 0.008706 0.023163
9 0.766292 0.335579 0.016632 0.034691
8 0.192816 0.314994 0.007986 0.030848
8 0.182009 0.316915 0.010868 0.034691
8 0.074659 0.394131 0.013750 0.016759
8 0.051243 0.379402 0.010147 0.028286
8 0.041877 0.395412 0.017352 0.024444
8 0.040436 0.343538 0.008706 0.020601
8 0.034312 0.318562 0.007986 0.024444
8 0.554234 0.285260 0.010147 0.027006
8 0.588817 0.299349 0.011588 0.014197
8 0.645374 0.302552 0.010868 0.030848
8 0.648616 0.365953 0.015911 0.021882
2 0.648791 0.412429 0.011588 0.027006
2 0.672206 0.420754 0.025277 0.030848
2 0.259737 0.469426 0.112454 0.181987
2 0.478399 0.576376 0.407126 0.593135
2 0.849041 0.583790 0.301137 0.543921
2 0.096671 0.448933 0.037525 0.023163
2 0.022218 0.466224 0.045218 0.073116
2 0.028226 0.641698 0.056257 0.321598
0 0.195389 0.441888 0.010868 0.047499
0 0.153602 0.445731 0.012309 0.044937
0 0.674553 0.442529 0.020234 0.071835
