8 0.294834 0.552369 0.017920 0.026981
8 0.586238 0.534241 0.007979 0.033379
2 0.424886 0.603554 0.018776 0.031247
2 0.412290 0.602488 0.019976 0.024849
2 0.394295 0.605687 0.024774 0.035512
2 0.375701 0.611019 0.028373 0.033379
2 0.357106 0.614218 0.039170 0.044043
2 0.308521 0.621682 0.076359 0.080299
2 0.150826 0.646208 0.233395 0.214659
2 0.485468 0.611019 0.022375 0.029114
2 0.509461 0.604620 0.017576 0.029114
2 0.523857 0.602488 0.017576 0.029114
2 0.532854 0.604620 0.016377 0.029114
2 0.547250 0.607820 0.025974 0.039777
2 0.559846 0.615284 0.024774 0.054706
2 0.588038 0.609952 0.042769 0.086697
2 0.615630 0.623815 0.057165 0.093095
2 0.707402 0.622748 0.139940 0.172005
2 0.883302 0.741113 0.232615 0.387408
