9 0.245652 0.141239 0.028076 0.055112
9 0.252475 0.227888 0.014429 0.023918
8 0.404545 0.091849 0.008580 0.060311
8 0.668231 0.175032 0.011504 0.046447
8 0.227618 0.286810 0.015403 0.023918
8 0.419167 0.094448 0.016378 0.055112
8 0.395772 0.095315 0.012479 0.049913
8 0.241265 0.288543 0.011504 0.027384
0 0.140372 0.392120 0.045622 0.134024
0 0.199348 0.364795 0.029051 0.093237
0 0.020471 0.382991 0.022227 0.108834
0 0.045816 0.377792 0.045622 0.108834
0 0.056051 0.383858 0.015403 0.096703
0 0.067749 0.371727 0.015403 0.086305
0 0.089041 0.348619 0.017661 0.077065
0 0.006824 0.376059 0.014429 0.122698
0 0.115027 0.368261 0.016378 0.079374
0 0.272459 0.374326 0.034900 0.105368
0 0.305115 0.367394 0.010529 0.063777
0 0.292442 0.352664 0.012479 0.037782
0 0.244189 0.357863 0.023202 0.068976
0 0.324124 0.350064 0.011504 0.036049
0 0.335821 0.351797 0.011504 0.032583
0 0.344107 0.352664 0.010529 0.037782
0 0.352880 0.351797 0.008580 0.025651
1 0.400646 0.371727 0.018328 0.072442
7 0.400159 0.388190 0.015403 0.049913
0 0.613558 0.368261 0.013286 0.037782
0 0.635575 0.365323 0.012479 0.042305
0 0.654096 0.362195 0.018328 0.053379
2 0.496356 0.420990 0.148594 0.240797
2 0.377738 0.369994 0.038799 0.058578
2 0.419655 0.363062 0.025151 0.044714
2 0.428428 0.363928 0.019303 0.036049
2 0.585860 0.382125 0.028076 0.041248
4 0.564414 0.348331 0.035874 0.067243
4 0.824708 0.372430 0.349803 0.743436
