9 0.706979 0.220956 0.050496 0.088038
9 0.704542 0.279878 0.024177 0.029117
9 0.395224 0.300674 0.023811 0.036049
9 0.149267 0.179736 0.056345 0.070709
9 0.142444 0.232592 0.042698 0.030850
0 0.075548 0.304140 0.023202 0.034316
0 0.786707 0.433148 0.077540 0.214924
0 0.635250 0.369705 0.012479 0.074175
0 0.622577 0.374037 0.014429 0.082840
0 0.501214 0.354108 0.013454 0.042981
0 0.586997 0.369705 0.027101 0.108834
2 0.253450 0.371438 0.018328 0.042981
0 0.254425 0.374037 0.010529 0.034316
2 0.220550 0.367394 0.055370 0.072442
2 0.432084 0.377792 0.030025 0.058578
2 0.298047 0.392523 0.043673 0.091504
2 0.363725 0.411709 0.130431 0.202416
2 0.974790 0.375316 0.048547 0.042981
2 0.869179 0.444676 0.258440 0.209268
2 0.476584 0.390790 0.066093 0.079374
