2 0.603926 0.635235 0.024385 0.033760
2 0.590185 0.637883 0.010054 0.024668
2 0.582682 0.637633 0.010223 0.024169
2 0.536486 0.642429 0.018990 0.052943
2 0.525358 0.640031 0.019664 0.069728
2 0.660913 0.638233 0.012920 0.025368
2 0.691598 0.635835 0.021688 0.073325
2 0.714865 0.646026 0.057431 0.115288
2 0.314158 0.683393 0.137685 0.193218
2 0.133968 0.688788 0.268717 0.250767
2 0.736108 0.656417 0.030455 0.158449
2 0.872332 0.520537 0.254555 0.602055
2 0.486513 0.644907 0.072268 0.096105
2 0.571049 0.638732 0.021688 0.030163
2 0.631745 0.632738 0.041920 0.054142
0 0.553852 0.642329 0.008874 0.026567
0 0.560258 0.641730 0.008200 0.022970
1 0.670354 0.623746 0.013595 0.064932
7 0.670624 0.643828 0.011572 0.042153
2 0.439372 0.639032 0.023036 0.021771
8 0.571892 0.508648 0.007525 0.025368
8 0.641355 0.524234 0.006176 0.020572
8 0.579647 0.508048 0.008200 0.026567
8 0.647087 0.523035 0.006851 0.022970
9 0.531091 0.566497 0.013595 0.009781
9 0.721946 0.535324 0.018990 0.009781
9 0.715202 0.544916 0.020339 0.012179
