8 0.463584 0.524297 0.007373 0.022483
8 0.542686 0.513750 0.010010 0.024826
8 0.470176 0.521953 0.010010 0.022483
8 0.536094 0.512578 0.010010 0.022483
8 0.605308 0.567656 0.013965 0.020139
9 0.573667 0.553593 0.013965 0.015451
9 0.569053 0.564140 0.012646 0.013108
9 0.396348 0.548906 0.017920 0.020139
0 0.906689 0.612187 0.036650 0.151389
2 0.433262 0.625078 0.015283 0.041233
2 0.416783 0.626250 0.027148 0.052951
2 0.398326 0.632109 0.027148 0.059983
2 0.378550 0.633281 0.035059 0.057639
2 0.346910 0.642656 0.056152 0.076389
2 0.299449 0.651935 0.058789 0.094947
2 0.555869 0.613359 0.015283 0.022483
0 0.572349 0.605156 0.011328 0.038889
2 0.589488 0.618046 0.045605 0.069358
2 0.601353 0.626250 0.042969 0.076389
2 0.623106 0.630937 0.046924 0.095139
2 0.459715 0.622338 0.021066 0.035661
2 0.517519 0.635625 0.084073 0.118576
2 0.681773 0.639140 0.108887 0.125608
2 0.209800 0.660286 0.140527 0.158315
2 0.033709 0.697734 0.068199 0.186545
2 0.978264 0.753447 0.042690 0.107932
