9 0.551254 0.330135 0.017353 0.037782
9 0.450849 0.419384 0.013454 0.011787
9 0.079447 0.417651 0.015403 0.018719
9 0.078959 0.403787 0.018328 0.011787
9 0.076522 0.372593 0.017353 0.015253
8 0.554178 0.370860 0.005655 0.032583
8 0.450361 0.440180 0.008580 0.022185
8 0.372377 0.418518 0.006630 0.023918
8 0.394310 0.464442 0.007605 0.015253
0 0.505925 0.513832 0.012479 0.034316
2 0.532245 0.546759 0.039774 0.093237
2 0.435739 0.522497 0.037824 0.044714
2 0.404545 0.515565 0.026126 0.037782
2 0.209584 0.496502 0.022227 0.041248
2 0.135986 0.519898 0.068043 0.174688
2 0.091145 0.576220 0.103136 0.283867
3 0.146709 0.464535 0.124582 0.202230
2 0.300431 0.585751 0.228506 0.386113
2 0.054245 0.641730 0.109270 0.550775
3 0.761325 0.467041 0.476487 0.932005
