8 0.459799 0.425428 0.005777 0.024481
8 0.466793 0.427204 0.005777 0.028034
8 0.506260 0.478717 0.010773 0.017376
8 0.452305 0.458289 0.006776 0.015599
2 0.480282 0.504474 0.010773 0.022705
2 0.493271 0.511579 0.028758 0.044020
2 0.497767 0.521349 0.013771 0.038692
2 0.504762 0.522237 0.015769 0.040468
2 0.519749 0.521349 0.021764 0.056455
2 0.529741 0.529342 0.019766 0.047573
2 0.545228 0.525789 0.024762 0.075994
2 0.569708 0.531118 0.049741 0.090205
2 0.607177 0.540888 0.072722 0.109744
2 0.672124 0.562204 0.134671 0.152376
9 0.653639 0.405000 0.019766 0.022705
2 0.837731 0.637390 0.323757 0.629590
2 0.390479 0.630592 0.236587 0.331784
