8 0.377738 0.486104 0.009555 0.020452
8 0.414781 0.489570 0.007605 0.023918
8 0.343132 0.518165 0.010529 0.015253
8 0.441588 0.515565 0.008580 0.013520
2 0.387486 0.536361 0.017353 0.016986
9 0.383099 0.512099 0.010529 0.020452
9 0.432327 0.511233 0.007605 0.018719
2 0.333872 0.546759 0.017353 0.037782
2 0.316813 0.554557 0.016378 0.032583
2 0.298291 0.561489 0.024177 0.046447
2 0.264173 0.564089 0.033925 0.062044
2 0.224693 0.571887 0.060245 0.070709
2 0.152557 0.584018 0.068043 0.115766
2 0.090657 0.597882 0.080715 0.126164
2 0.028269 0.591551 0.057320 0.168958
2 0.428428 0.558023 0.052446 0.081107
2 0.464983 0.539827 0.022227 0.034316
2 0.490816 0.547625 0.042698 0.049913
2 0.521522 0.554557 0.039774 0.063777
2 0.538094 0.563222 0.041723 0.067243
2 0.588297 0.551091 0.081690 0.112300
2 0.645810 0.578819 0.116783 0.126164
2 0.738417 0.599615 0.177221 0.167756
2 0.816889 0.519031 0.070967 0.051646
2 0.893899 0.662003 0.211340 0.375715
