8 0.462279 0.323615 0.010252 0.035062
8 0.344326 0.428353 0.022305 0.035062
8 0.455822 0.326567 0.011113 0.039654
8 0.467765 0.386021 0.006808 0.019756
8 0.680597 0.341633 0.008530 0.025879
8 0.675173 0.342398 0.007669 0.024348
2 0.627432 0.463393 0.026610 0.048838
2 0.713959 0.458801 0.024027 0.039654
2 0.729887 0.462628 0.042108 0.062613
2 0.586536 0.475467 0.068798 0.104281
4 0.666873 0.428189 0.065888 0.140675
2 0.774012 0.458036 0.069659 0.096287
9 0.845903 0.300000 0.017140 0.032001
9 0.344044 0.365816 0.016279 0.016695
9 0.465440 0.402551 0.011113 0.010573
8 0.465440 0.439286 0.009391 0.016695
9 0.743017 0.385714 0.016279 0.013634
