9 0.177902 0.531162 0.023202 0.030850
9 0.360679 0.447978 0.016378 0.023918
9 0.574649 0.354397 0.021252 0.016986
8 0.208609 0.499968 0.008580 0.023918
8 0.419167 0.415918 0.008580 0.025651
8 0.216895 0.498235 0.007605 0.020452
9 0.423067 0.434981 0.008580 0.011787
2 0.038505 0.644673 0.077791 0.077641
2 0.006824 0.624744 0.014429 0.020452
2 0.086270 0.624744 0.034900 0.062044
2 0.127212 0.614346 0.048547 0.062044
2 0.164255 0.597016 0.025151 0.048180
2 0.210071 0.574731 0.066093 0.079863
2 0.245652 0.570154 0.020277 0.046447
2 0.337284 0.525963 0.024177 0.034316
2 0.727767 0.465663 0.116638 0.128508
2 0.499589 0.483505 0.029051 0.049913
2 0.667256 0.460976 0.066093 0.101902
2 0.631188 0.467908 0.038799 0.084572
2 0.613642 0.477439 0.013454 0.058578
2 0.605843 0.471374 0.031000 0.063777
2 0.517136 0.461842 0.011504 0.016986
2 0.381637 0.499968 0.013454 0.023918
2 0.395772 0.499968 0.008580 0.020452
2 0.368965 0.504301 0.009555 0.018719
3 0.417705 0.473107 0.021252 0.029117
2 0.408444 0.494769 0.014429 0.016986
2 0.327595 0.521823 0.020159 0.043366
