2 0.419978 0.363804 0.021268 0.018385
2 0.402223 0.358948 0.026731 0.032954
2 0.379688 0.357734 0.028097 0.040238
2 0.348958 0.355048 0.048584 0.050467
2 0.317545 0.357734 0.021268 0.045094
2 0.247890 0.355306 0.037657 0.059662
2 0.279303 0.361376 0.075899 0.066946
2 0.146822 0.357712 0.070436 0.064563
2 0.542216 0.377159 0.017171 0.025669
2 0.057363 0.363804 0.115507 0.125220
2 0.570897 0.376979 0.060876 0.097252
2 0.529241 0.372302 0.013073 0.040238
2 0.494414 0.382723 0.071802 0.111663
2 0.927526 0.439815 0.144166 0.224038
