2 0.010151 0.549628 0.020010 0.042436
2 0.114657 0.545121 0.011078 0.027321
2 0.102644 0.533680 0.011078 0.019694
2 0.107364 0.551223 0.013652 0.024270
2 0.090203 0.555799 0.034245 0.057830
2 0.049445 0.569017 0.081438 0.098512
2 0.157989 0.580908 0.102889 0.163205
2 0.787553 0.551441 0.422084 0.888532
0 0.574572 0.541852 0.028239 0.143253
9 0.364350 0.481380 0.021374 0.037999
9 0.366066 0.511126 0.011078 0.015118
9 0.259239 0.450872 0.018800 0.028847
9 0.362205 0.402058 0.017084 0.037999
9 0.469032 0.442373 0.031671 0.045844
9 0.208185 0.491295 0.011078 0.021219
8 0.361776 0.443027 0.014510 0.037999
9 0.451013 0.407179 0.009362 0.033423
7 0.350192 0.557651 0.034245 0.077660
7 0.319302 0.556889 0.022233 0.057830
7 0.297422 0.553075 0.024807 0.062406
8 0.870355 0.288414 0.033387 0.118846
7 0.229672 0.548136 0.016226 0.031897
9 0.787496 0.289783 0.030813 0.024270
