2 0.029983 0.517431 0.007802 0.013870
2 0.038466 0.519511 0.010727 0.018030
2 0.047534 0.519511 0.010142 0.022190
2 0.053969 0.521591 0.014822 0.018030
2 0.048412 0.536152 0.007217 0.018030
2 0.061575 0.531992 0.021842 0.030511
2 0.064500 0.543432 0.018332 0.032591
2 0.065378 0.552793 0.008387 0.032591
2 0.076493 0.553833 0.022428 0.049232
2 0.089657 0.558513 0.024183 0.056512
2 0.098725 0.563193 0.021257 0.061712
2 0.122711 0.566834 0.044659 0.081474
2 0.135289 0.570474 0.037053 0.090834
2 0.168344 0.575674 0.070400 0.109555
2 0.220997 0.593605 0.103162 0.165220
2 0.008337 0.512230 0.010142 0.013870
2 0.020915 0.494549 0.008387 0.007629
2 0.021793 0.502350 0.010142 0.010749
2 0.336249 0.619357 0.223679 0.242683
9 0.405312 0.303178 0.026523 0.120996
0 0.514033 0.584944 0.070985 0.282322
0 0.607053 0.566801 0.082686 0.287406
2 0.842586 0.807608 0.314047 0.322768
