8 0.451719 0.455156 0.007373 0.020139
8 0.423374 0.465703 0.008691 0.022483
9 0.404258 0.468047 0.010010 0.022483
9 0.670567 0.395390 0.036377 0.102170
9 0.820200 0.305156 0.032422 0.076389
9 0.229576 0.378984 0.021875 0.078733
0 0.110264 0.509062 0.031103 0.109201
0 0.073350 0.503203 0.039014 0.134983
2 0.404258 0.503203 0.015283 0.041233
2 0.398985 0.507890 0.015283 0.036545
2 0.387779 0.505547 0.021875 0.064670
2 0.366026 0.523125 0.044287 0.090451
2 0.484678 0.496172 0.015283 0.017795
2 0.486656 0.514922 0.016602 0.045920
2 0.499180 0.517265 0.025830 0.055295
2 0.507749 0.523125 0.029785 0.062326
2 0.526865 0.523125 0.033740 0.067014
2 0.551255 0.534843 0.050879 0.085764
2 0.571690 0.561796 0.039014 0.097483
2 0.634312 0.573515 0.140527 0.181858
2 0.466880 0.511406 0.032422 0.048264
2 0.433262 0.497343 0.020557 0.029514
2 0.318565 0.538545 0.086475 0.125235
6 0.698252 0.619218 0.157666 0.174826
