9 0.802267 0.249551 0.045622 0.029117
9 0.155482 0.379525 0.027101 0.025651
8 0.530295 0.252150 0.020277 0.068976
8 0.819326 0.433248 0.019303 0.042981
8 0.301216 0.308473 0.016378 0.056845
8 0.144759 0.441913 0.013454 0.025651
8 0.430378 0.454044 0.007605 0.022185
8 0.422092 0.472240 0.010529 0.020452
8 0.397234 0.473973 0.009555 0.016986
8 0.384074 0.448845 0.008580 0.018719
0 0.270997 0.521631 0.012479 0.070709
0 0.251013 0.516432 0.013454 0.056845
0 0.238341 0.519031 0.009555 0.062044
0 0.220307 0.526829 0.016378 0.077641
0 0.193012 0.522497 0.024177 0.075908
0 0.713072 0.535494 0.021252 0.077641
0 0.690651 0.538094 0.019303 0.072442
0 0.649709 0.519031 0.015403 0.034316
0 0.612179 0.528562 0.016378 0.067243
0 0.594633 0.525963 0.014429 0.065510
0 0.580498 0.525963 0.013454 0.068976
0 0.568313 0.529429 0.014429 0.051646
0 0.559540 0.528562 0.010529 0.053379
0 0.550279 0.521631 0.011504 0.049913
9 0.536632 0.316271 0.019303 0.041248
9 0.536632 0.379525 0.025151 0.018719
9 0.545405 0.397722 0.021252 0.013520
2 0.008286 0.554557 0.017353 0.105368
2 0.934841 0.631675 0.127506 0.245741
2 0.814452 0.614676 0.181121 0.172295
2 0.354830 0.507767 0.008580 0.025651
2 0.347519 0.517298 0.017353 0.048180
2 0.339721 0.519031 0.019303 0.058578
2 0.329485 0.521631 0.020277 0.056845
2 0.303653 0.526829 0.056345 0.056845
2 0.441101 0.687394 0.294198 0.390787
9 0.922656 0.395122 0.032950 0.084572
