8 0.174205 0.334453 0.016602 0.064670
8 0.685068 0.246562 0.015283 0.076389
8 0.793833 0.448125 0.019238 0.034201
8 0.669248 0.248906 0.015283 0.076389
2 0.122789 0.534843 0.095703 0.057639
2 0.065440 0.530156 0.065381 0.057639
2 0.373936 0.525468 0.028467 0.067014
2 0.364048 0.543046 0.032422 0.078733
2 0.319883 0.543046 0.083838 0.139670
2 0.499180 0.511406 0.015283 0.034201
2 0.537412 0.513750 0.033740 0.034201
2 0.567075 0.540703 0.035059 0.055295
2 0.522251 0.548906 0.048242 0.071701
2 0.602012 0.548906 0.068018 0.076389
2 0.233531 0.586406 0.172168 0.184201
2 0.441172 0.586406 0.136572 0.231076
2 0.645518 0.599296 0.152392 0.167795
2 0.006682 0.527812 0.014146 0.062326
2 0.944646 0.831328 0.109927 0.303732
