2 0.039967 0.569288 0.080715 0.221479
2 0.728742 0.586618 0.118587 0.176421
0 0.317489 0.620130 0.074270 0.244570
2 0.978707 0.622144 0.039774 0.126164
2 0.956774 0.608280 0.071942 0.115766
2 0.928017 0.577953 0.059270 0.089771
2 0.879277 0.570154 0.045622 0.070709
2 0.840284 0.558023 0.039774 0.042981
2 0.824687 0.556290 0.024177 0.039515
9 0.571237 0.183697 0.057320 0.029117
9 0.579523 0.242619 0.034900 0.029117
9 0.612179 0.285077 0.024177 0.023918
9 0.604381 0.320603 0.067068 0.032583
8 0.581960 0.382125 0.030025 0.062044
