2 0.442572 0.558626 0.087051 0.139097
2 0.522583 0.548568 0.052681 0.062090
2 0.500047 0.544926 0.021268 0.049950
2 0.485024 0.532786 0.015805 0.040238
8 0.424929 0.453874 0.007610 0.023241
8 0.467269 0.459944 0.007610 0.020813
8 0.529412 0.500007 0.011708 0.018385
9 0.499365 0.464800 0.022634 0.011101
8 0.372347 0.441733 0.006244 0.028098
8 0.392151 0.445375 0.007610 0.025669
3 0.653698 0.482303 0.213843 0.235496
2 0.062997 0.526715 0.029463 0.052378
2 0.097141 0.531572 0.026731 0.032954
2 0.140568 0.537949 0.038215 0.031140
2 0.302692 0.520645 0.041755 0.040238
2 0.825787 0.524287 0.058144 0.037810
2 0.883176 0.529144 0.047572 0.028098
2 0.732081 0.528562 0.031975 0.025651
