0 0.428263 0.411760 0.016372 0.088964
2 0.154507 0.375366 0.015403 0.011787
2 0.152070 0.389230 0.016378 0.018719
2 0.193987 0.389230 0.014429 0.025651
2 0.206659 0.398761 0.020277 0.030850
2 0.233954 0.390963 0.037824 0.070709
2 0.236878 0.407426 0.012479 0.037782
2 0.247114 0.414358 0.017353 0.044714
2 0.261736 0.410892 0.025151 0.058578
9 0.515186 0.273813 0.025151 0.046447
9 0.323149 0.331001 0.011504 0.022185
9 0.311451 0.314538 0.015403 0.020452
9 0.313401 0.334467 0.011504 0.018719
9 0.313401 0.352664 0.013454 0.016986
9 0.271971 0.332734 0.010529 0.015253
9 0.273434 0.359596 0.009555 0.034316
0 0.182776 0.395122 0.011504 0.046447
0 0.128675 0.412019 0.016378 0.051646
0 0.113565 0.406776 0.009555 0.044627
0 0.104792 0.402401 0.009555 0.042981
9 0.536632 0.275892 0.019303 0.029117
0 0.941830 0.487264 0.071570 0.418442
2 0.153279 0.407704 0.019502 0.026350
