2 0.058836 0.512093 0.116582 0.101553
2 0.168321 0.469846 0.035171 0.036324
2 0.191481 0.489185 0.073069 0.055040
2 0.247978 0.489185 0.059735 0.055040
2 0.288103 0.480718 0.033306 0.043096
2 0.342374 0.479827 0.073069 0.046306
2 0.397467 0.481075 0.021836 0.033829
2 0.850639 0.709055 0.297941 0.568534
2 0.732238 0.525992 0.075175 0.096213
3 0.655388 0.482589 0.070262 0.130616
2 0.534791 0.477865 0.007800 0.021352
2 0.544265 0.482856 0.016923 0.023847
2 0.591639 0.496580 0.030258 0.033829
2 0.535493 0.476617 0.010607 0.018857
3 0.550933 0.463517 0.017625 0.032581
4 0.600653 0.460397 0.044996 0.093718
2 0.517369 0.476617 0.016923 0.036324
2 0.564743 0.488470 0.030258 0.047553
2 0.614572 0.527167 0.068156 0.084946
9 0.583341 0.424838 0.008501 0.025095
9 0.554215 0.429205 0.014818 0.011370
9 0.565444 0.449168 0.006396 0.011370
8 0.446134 0.450416 0.006396 0.013866
8 0.510000 0.449792 0.007800 0.012618
8 0.506842 0.436691 0.007098 0.011370
8 0.539126 0.429829 0.007098 0.012618
2 0.125751 0.497828 0.066051 0.063773
9 0.252430 0.454783 0.006396 0.022600
9 0.775166 0.369316 0.011309 0.013866
9 0.783237 0.388031 0.031662 0.016361
9 0.772008 0.416728 0.013414 0.026343
