8 0.494477 0.423187 0.010273 0.018264
8 0.579379 0.432562 0.007109 0.025764
9 0.633696 0.422250 0.008164 0.027639
8 0.119099 0.336727 0.018108 0.036592
9 0.595145 0.448393 0.009219 0.016389
9 0.538719 0.418393 0.008164 0.020139
9 0.538719 0.439955 0.010273 0.014514
9 0.538719 0.453080 0.008164 0.018264
2 0.282505 0.502768 0.021875 0.042639
2 0.344883 0.487768 0.023984 0.050139
2 0.386015 0.478393 0.017656 0.042639
2 0.477547 0.475580 0.014492 0.029514
2 0.544520 0.469955 0.013437 0.018264
2 0.549793 0.482143 0.011328 0.023889
2 0.580379 0.474643 0.009219 0.023889
2 0.570360 0.471830 0.010273 0.029514
2 0.623621 0.482143 0.019766 0.046389
2 0.642078 0.482143 0.020820 0.042639
2 0.407559 0.481783 0.027075 0.038170
2 0.445982 0.476518 0.015547 0.031389
2 0.364851 0.483661 0.024144 0.030675
2 0.312187 0.503854 0.051406 0.070465
2 0.384947 0.478976 0.017610 0.036305
2 0.521417 0.507455 0.057633 0.078264
2 0.597932 0.489643 0.035586 0.057639
2 0.677562 0.544565 0.108663 0.148963
2 0.562695 0.486830 0.015506 0.029514
2 0.459618 0.469955 0.014492 0.025764
2 0.097814 0.553765 0.196410 0.189634
9 0.120953 0.419772 0.044955 0.046264
2 0.429121 0.479605 0.019713 0.035045
2 0.493278 0.471191 0.017610 0.025696
2 0.517995 0.441274 0.012351 0.014478
2 0.523780 0.450623 0.011299 0.014478
