2 0.055273 0.505619 0.046192 0.055209
2 0.120867 0.548948 0.126923 0.131430
2 0.194773 0.527582 0.082999 0.121561
2 0.036983 0.556076 0.072682 0.165093
2 0.349301 0.507508 0.013630 0.054503
2 0.429284 0.505619 0.012134 0.050724
3 0.473434 0.471981 0.019703 0.037269
3 0.503077 0.487194 0.046192 0.118969
3 0.457666 0.526169 0.058807 0.085871
2 0.381981 0.511225 0.041147 0.057452
2 0.323325 0.516072 0.042408 0.062757
2 0.842546 0.671831 0.313320 0.377195
8 0.472172 0.339468 0.009611 0.041754
8 0.349184 0.302671 0.013395 0.043997
8 0.339092 0.306034 0.015918 0.037269
9 0.142942 0.334066 0.022225 0.021572
9 0.147987 0.316126 0.022225 0.021572
9 0.158710 0.375553 0.031055 0.023814
9 0.189614 0.428252 0.014657 0.017087
9 0.558178 0.415988 0.012134 0.014844
0 0.247238 0.511295 0.013395 0.066422
8 0.461228 0.339089 0.009126 0.031059
2 0.362283 0.505455 0.011510 0.041656
2 0.421888 0.510753 0.009126 0.018343
2 0.413543 0.508634 0.011510 0.018343
2 0.405199 0.509694 0.009126 0.020463
9 0.550517 0.438697 0.015087 0.014105
2 0.530251 0.505455 0.017471 0.033179
0 0.548371 0.521350 0.010318 0.060730
8 0.165703 0.413265 0.015087 0.031059
8 0.561961 0.456711 0.015087 0.020463
