8 0.257201 0.232327 0.017040 0.054097
8 0.373949 0.288703 0.021822 0.038794
8 0.521234 0.344811 0.012258 0.038794
8 0.510713 0.346512 0.010345 0.038794
8 0.509279 0.178186 0.017040 0.021792
8 0.507366 0.216442 0.017040 0.023492
8 0.462224 0.388168 0.013214 0.020092
8 0.445009 0.389868 0.009389 0.030293
8 0.374906 0.379666 0.010345 0.026893
8 0.166890 0.355863 0.017040 0.057497
8 0.152066 0.362664 0.012258 0.030293
9 0.144893 0.452267 0.024691 0.042195
9 0.361516 0.471820 0.040950 0.077900
9 0.666127 0.294144 0.041906 0.062598
9 0.821350 0.345151 0.037124 0.038794
9 0.782616 0.346852 0.024691 0.042195
9 0.374236 0.249937 0.022778 0.042195
9 0.256791 0.195529 0.011302 0.018391
9 0.165456 0.319648 0.010345 0.014991
9 0.460025 0.368105 0.006520 0.020092
9 0.379210 0.404660 0.009389 0.018391
