8 0.563492 0.416371 0.010727 0.024270
9 0.662460 0.401290 0.010142 0.019070
2 0.512344 0.478948 0.014237 0.024270
2 0.498888 0.483629 0.018917 0.041951
2 0.487188 0.488829 0.016577 0.041951
2 0.476364 0.495069 0.017162 0.039871
2 0.456766 0.497149 0.032958 0.066913
2 0.428977 0.505470 0.049924 0.087714
2 0.393875 0.516391 0.078006 0.107475
2 0.321623 0.544992 0.079761 0.156358
2 0.556222 0.485189 0.012482 0.018030
2 0.579623 0.489869 0.037638 0.050272
2 0.585766 0.498190 0.031203 0.050272
2 0.595419 0.505990 0.018917 0.042991
2 0.613848 0.511190 0.037053 0.072113
2 0.665038 0.521071 0.116033 0.143877
2 0.775662 0.554947 0.221339 0.219802
2 0.151641 0.567212 0.304063 0.328683
2 0.866840 0.628592 0.263708 0.378350
