2 0.096504 0.519829 0.122070 0.087803
2 0.063809 0.538661 0.128398 0.076389
0 0.047988 0.535848 0.033477 0.145764
2 0.425039 0.498348 0.019766 0.037014
2 0.400781 0.498348 0.021875 0.059514
0 0.406582 0.498750 0.012383 0.055764
2 0.374941 0.504375 0.048242 0.070764
2 0.471972 0.502500 0.014492 0.025764
2 0.448537 0.505346 0.038160 0.050071
2 0.501504 0.499687 0.033477 0.042639
2 0.543691 0.502500 0.027148 0.033264
3 0.751992 0.528204 0.216992 0.219673
2 0.940254 0.626658 0.116797 0.274081
8 0.169805 0.415312 0.028203 0.031389
8 0.284238 0.444375 0.008164 0.022014
9 0.280547 0.406875 0.013437 0.014514
8 0.341191 0.323437 0.008164 0.031389
8 0.358594 0.319687 0.009219 0.038889
8 0.349629 0.318750 0.008164 0.037014
8 0.515742 0.294375 0.011328 0.052014
8 0.504140 0.297187 0.009219 0.042639
8 0.452461 0.437812 0.007109 0.016389
8 0.498340 0.441562 0.008164 0.016389
9 0.725625 0.321562 0.025039 0.020139
9 0.715605 0.304687 0.009219 0.023889
2 0.842695 0.495000 0.069336 0.059514
1 0.587988 0.493125 0.020820 0.037014
7 0.587461 0.519375 0.019766 0.025764
2 0.185098 0.509062 0.081992 0.057639
