2 0.394189 0.496875 0.011328 0.015451
2 0.383642 0.495703 0.011328 0.017795
2 0.373095 0.494531 0.011328 0.020139
2 0.359912 0.496875 0.013965 0.020139
2 0.345410 0.499218 0.016602 0.024826
2 0.328271 0.496875 0.019238 0.034201
2 0.315747 0.502734 0.020557 0.027170
2 0.286743 0.505078 0.031103 0.041233
2 0.249170 0.498047 0.053516 0.031858
2 0.229394 0.492187 0.027148 0.020139
9 0.409441 0.407812 0.025649 0.043576
8 0.429785 0.326953 0.016602 0.078733
8 0.439673 0.393750 0.015283 0.034201
9 0.412646 0.472265 0.021875 0.055295
2 0.456811 0.493359 0.012646 0.017795
2 0.466040 0.491015 0.007373 0.022483
2 0.472632 0.489843 0.007373 0.024826
2 0.479882 0.492187 0.011328 0.024826
2 0.498340 0.498047 0.035059 0.050608
2 0.525366 0.471093 0.010010 0.020139
2 0.555688 0.515467 0.078564 0.090767
2 0.595503 0.493359 0.023193 0.036545
2 0.614833 0.507422 0.043397 0.045920
2 0.705936 0.517534 0.114333 0.127046
9 0.713759 0.430078 0.013965 0.013108
8 0.678823 0.194531 0.017920 0.081076
8 0.667617 0.195703 0.016602 0.055295
9 0.777700 0.196875 0.091748 0.038889
9 0.977431 0.311719 0.027148 0.029514
9 0.995576 0.348047 0.008067 0.031858
8 0.993251 0.243750 0.011328 0.081076
9 0.413965 0.520312 0.013965 0.024826
2 0.028526 0.529687 0.052197 0.057639
