2 0.285501 0.503820 0.031055 0.037269
2 0.258381 0.508892 0.039885 0.063007
2 0.226215 0.514447 0.046192 0.065351
2 0.199725 0.522925 0.053761 0.061850
2 0.405336 0.501578 0.020964 0.041754
2 0.512011 0.530731 0.050146 0.068665
2 0.493635 0.492608 0.026010 0.050724
2 0.355510 0.546026 0.123139 0.166497
2 0.148899 0.530731 0.089819 0.082120
2 0.901102 0.544186 0.197016 0.109030
3 0.455162 0.483916 0.080251 0.153324
0 0.573105 0.508305 0.023487 0.073150
0 0.630499 0.496719 0.019703 0.075392
8 0.283279 0.467726 0.008350 0.023814
9 0.918734 0.397300 0.023487 0.026057
9 0.557637 0.365051 0.019703 0.017087
9 0.562683 0.419192 0.019703 0.017087
9 0.559530 0.400130 0.026010 0.014844
9 0.557007 0.382190 0.020964 0.014844
9 0.329321 0.425919 0.014657 0.026057
