2 0.219855 0.548948 0.111736 0.125585
2 0.294479 0.521711 0.085101 0.101157
2 0.346540 0.525259 0.039525 0.053150
2 0.384728 0.513919 0.035470 0.045777
2 0.395185 0.503205 0.036942 0.051899
2 0.425319 0.507031 0.018001 0.025879
2 0.559630 0.507031 0.011113 0.047307
2 0.516438 0.504536 0.011400 0.020888
2 0.484869 0.509184 0.025749 0.041185
2 0.442682 0.507653 0.013696 0.022817
2 0.453875 0.505102 0.010252 0.013634
2 0.518878 0.506633 0.007669 0.019756
2 0.505963 0.505868 0.012835 0.015164
2 0.531792 0.511225 0.018001 0.028940
2 0.617459 0.534951 0.055022 0.060066
3 0.597657 0.484949 0.070520 0.125369
0 0.605405 0.476786 0.015418 0.048838
0 0.646732 0.515051 0.011974 0.051899
0 0.663951 0.515817 0.011974 0.068736
0 0.677296 0.511990 0.011113 0.045777
0 0.694946 0.511225 0.013696 0.047307
0 0.717762 0.512755 0.012835 0.062613
0 0.748326 0.524235 0.013696 0.064144
0 0.785778 0.524235 0.021445 0.082511
0 0.799984 0.514286 0.013696 0.056491
0 0.831840 0.535715 0.020584 0.102409
0 0.709152 0.522904 0.012835 0.085971
0 0.767842 0.524434 0.020010 0.106603
9 0.977775 0.286225 0.042108 0.038124
9 0.978205 0.125510 0.034359 0.071797
9 0.988106 0.337500 0.019723 0.024348
9 0.164158 0.401786 0.018001 0.061083
9 0.664812 0.394898 0.013696 0.028940
9 0.626929 0.370408 0.049857 0.035062
8 0.636687 0.102184 0.020584 0.076389
