2 0.300123 0.550713 0.011312 0.024270
2 0.290762 0.552793 0.013652 0.020110
2 0.283157 0.553833 0.010142 0.018030
2 0.274381 0.551753 0.015992 0.022190
2 0.259756 0.549673 0.021843 0.030511
2 0.245130 0.543433 0.015992 0.038831
2 0.222898 0.545513 0.034713 0.042991
2 0.197157 0.546553 0.025353 0.053392
2 0.174925 0.547593 0.037053 0.063793
2 0.147429 0.551753 0.035883 0.072113
2 0.091851 0.546553 0.083856 0.111636
2 0.037442 0.561239 0.075666 0.123866
2 0.311239 0.542393 0.021843 0.053392
2 0.367402 0.548633 0.010142 0.036751
2 0.383198 0.549673 0.032373 0.042991
2 0.336980 0.547593 0.052264 0.067953
2 0.439361 0.556953 0.048754 0.082514
2 0.513661 0.559034 0.127149 0.157398
2 0.873390 0.668760 0.251725 0.423654
9 0.142310 0.471000 0.019502 0.038831
9 0.412962 0.465874 0.016431 0.041060
