8 0.255826 0.260204 0.012835 0.053430
8 0.457293 0.317602 0.009391 0.042715
8 0.590313 0.429337 0.015418 0.021287
8 0.120224 0.454592 0.017140 0.022817
8 0.730479 0.387245 0.025749 0.038124
8 0.140026 0.456123 0.008530 0.025879
8 0.011682 0.424745 0.024146 0.048838
8 0.271324 0.261735 0.018001 0.059552
8 0.469347 0.317602 0.012835 0.045777
8 0.462890 0.479082 0.006808 0.016695
9 0.155118 0.264796 0.086017 0.032001
9 0.120249 0.376021 0.016279 0.016695
9 0.134885 0.359949 0.007669 0.015164
9 0.139190 0.385204 0.012835 0.013634
9 0.134455 0.399490 0.027471 0.016695
9 0.715179 0.321174 0.035220 0.024348
9 0.575845 0.397704 0.024027 0.018226
9 0.579289 0.419133 0.010252 0.021287
0 0.773438 0.468878 0.019723 0.050369
0 0.739286 0.516582 0.040386 0.177409
0 0.826244 0.430868 0.023166 0.067205
0 0.096142 0.520408 0.012835 0.038124
0 0.080214 0.510459 0.013696 0.024348
0 0.006314 0.513521 0.013409 0.027409
0 0.166311 0.525766 0.015418 0.070266
0 0.171476 0.527041 0.015418 0.071797
7 0.267475 0.532143 0.014557 0.047307
2 0.277601 0.532325 0.014557 0.048838
2 0.438603 0.516254 0.014557 0.022817
2 0.424827 0.519315 0.019723 0.032001
2 0.486386 0.501713 0.034359 0.076389
2 0.512216 0.516691 0.044691 0.065675
2 0.353387 0.542892 0.145384 0.215752
2 0.058730 0.580116 0.118242 0.138242
2 0.615317 0.547487 0.158030 0.210331
2 0.855624 0.550200 0.286876 0.633642
9 0.721008 0.300765 0.010252 0.024348
9 0.729618 0.285459 0.020584 0.018226
9 0.745976 0.274745 0.018862 0.051899
