8 0.442265 0.361942 0.008530 0.044246
8 0.480147 0.380309 0.011974 0.028940
8 0.434203 0.362568 0.010252 0.048838
9 0.668687 0.310970 0.011113 0.021287
8 0.669117 0.345919 0.010252 0.050369
9 0.882638 0.232908 0.029193 0.061083
0 0.947641 0.442297 0.038664 0.096387
0 0.905884 0.440051 0.041247 0.103940
0 0.846046 0.411225 0.024888 0.142205
0 0.806872 0.413265 0.027471 0.123838
0 0.768129 0.419388 0.027471 0.126899
0 0.722067 0.416837 0.021445 0.090164
2 0.562644 0.425255 0.022305 0.033532
2 0.540259 0.414541 0.010252 0.018226
2 0.480421 0.426786 0.018001 0.033532
2 0.463632 0.423980 0.020584 0.038124
2 0.455023 0.436225 0.024027 0.035062
