9 0.316129 0.503058 0.019990 0.032008
9 0.454449 0.535970 0.011974 0.018226
9 0.621620 0.464796 0.024888 0.041185
8 0.496206 0.471429 0.012835 0.025879
8 0.531936 0.473725 0.010252 0.030471
8 0.720058 0.464541 0.012835 0.030471
9 0.595935 0.593113 0.008530 0.018226
9 0.583451 0.580102 0.012835 0.016695
2 0.144069 0.604592 0.062771 0.059552
2 0.226292 0.628992 0.092905 0.101570
2 0.376145 0.609130 0.044078 0.057821
2 0.489892 0.584694 0.038664 0.035062
2 0.449426 0.593878 0.031776 0.044246
2 0.524905 0.589286 0.026610 0.022817
2 0.549442 0.583564 0.015418 0.020556
2 0.047640 0.632143 0.055883 0.065675
2 0.312853 0.635624 0.116917 0.111911
9 0.930583 0.055102 0.137675 0.111593
9 0.930583 0.153827 0.125622 0.097818
2 0.748022 0.577450 0.026010 0.032784
