2 0.526025 0.575000 0.013965 0.043576
2 0.510205 0.570312 0.019238 0.048264
2 0.317065 0.596093 0.041650 0.071701
2 0.458130 0.573828 0.010010 0.055295
2 0.483178 0.576171 0.052197 0.078733
2 0.407821 0.609585 0.094806 0.121202
2 0.237964 0.620629 0.139209 0.125756
2 0.557006 0.589581 0.046924 0.075350
2 0.090967 0.747354 0.182715 0.289848
9 0.520092 0.503515 0.031103 0.036545
9 0.553051 0.495312 0.033740 0.057639
9 0.604467 0.511718 0.020557 0.034201
9 0.598535 0.542187 0.027148 0.034201
9 0.491089 0.525781 0.010010 0.024826
