2 0.293591 0.337500 0.007669 0.010573
2 0.284981 0.336735 0.009391 0.015164
2 0.275510 0.338265 0.011113 0.015164
2 0.263887 0.338265 0.017140 0.018226
2 0.242363 0.335204 0.030915 0.036593
2 0.209216 0.323725 0.019723 0.010573
2 0.204480 0.342857 0.044691 0.036593
2 0.119675 0.342979 0.102376 0.073085
2 0.341375 0.345919 0.010252 0.024348
2 0.373661 0.350510 0.016279 0.027409
2 0.311671 0.354337 0.009391 0.032001
2 0.032286 0.352806 0.065354 0.077920
3 0.177790 0.323342 0.063632 0.074858
3 0.745546 0.395970 0.505310 0.793328
2 0.355007 0.343878 0.016279 0.025879
2 0.324873 0.358419 0.033498 0.045777
2 0.390306 0.350765 0.021445 0.036593
9 0.316855 0.315000 0.011078 0.010573
9 0.293160 0.306582 0.017140 0.015164
9 0.320711 0.331072 0.010252 0.012103
9 0.012915 0.202500 0.024888 0.054960
9 0.274219 0.302755 0.020584 0.022817
