8 0.637223 0.341232 0.011578 0.044043
8 0.448279 0.364692 0.010378 0.031247
8 0.608432 0.397749 0.009179 0.024849
8 0.492066 0.394550 0.011578 0.026981
8 0.899991 0.431872 0.015992 0.024849
8 0.628226 0.342298 0.007979 0.046176
8 0.809972 0.315640 0.011578 0.044043
8 0.310920 0.435071 0.016377 0.026981
8 0.285728 0.414810 0.013977 0.016318
9 0.046399 0.293246 0.017576 0.046176
9 0.326072 0.287057 0.017162 0.026350
8 0.399499 0.389450 0.009568 0.029578
9 0.904144 0.387085 0.024774 0.016318
9 0.883750 0.356161 0.019976 0.014185
9 0.888549 0.334834 0.031972 0.022716
9 0.892148 0.153554 0.034371 0.052574
9 0.892747 0.203673 0.018776 0.037645
9 0.192755 0.333768 0.031972 0.020583
9 0.706803 0.430805 0.011578 0.018450
9 0.705003 0.448933 0.012778 0.016318
0 0.981849 0.521360 0.022918 0.097190
0 0.734994 0.515047 0.022375 0.088830
0 0.772183 0.496919 0.019976 0.056839
0 0.283928 0.485709 0.015177 0.082514
2 0.560217 0.477735 0.040827 0.047152
2 0.918386 0.517331 0.086849 0.067806
2 0.820169 0.545788 0.120746 0.128984
2 0.205951 0.499052 0.101551 0.112289
2 0.095584 0.491587 0.051166 0.084564
2 0.048992 0.511848 0.098765 0.261578
2 0.633079 0.484879 0.041461 0.037024
2 0.990672 0.534592 0.017162 0.047152
8 0.911692 0.431626 0.015992 0.028431
8 0.166942 0.394184 0.017162 0.028431
8 0.181568 0.392104 0.011312 0.024270
