9 0.101217 0.185625 0.023762 0.035139
9 0.086229 0.217599 0.055736 0.031586
9 0.702722 0.251349 0.049741 0.031586
9 0.701722 0.302862 0.041748 0.070665
9 0.843606 0.285987 0.019766 0.015599
9 0.508382 0.359704 0.026760 0.024481
9 0.956013 0.292204 0.010773 0.028034
2 0.057353 0.461842 0.115487 0.093757
2 0.963762 0.403895 0.071694 0.073785
2 0.028377 0.629704 0.057535 0.326455
2 0.889068 0.616382 0.220600 0.385073
2 0.135270 0.553322 0.193786 0.205665
2 0.674394 0.491910 0.188924 0.221912
2 0.446173 0.451382 0.134152 0.168759
9 0.262084 0.405888 0.019766 0.035139
