2 0.261594 0.452833 0.074284 0.066946
2 0.247646 0.520456 0.079167 0.135813
2 0.183949 0.558325 0.137521 0.217396
2 0.543679 0.635337 0.614731 0.727937
2 0.093711 0.682824 0.186496 0.632963
7 0.823055 0.544926 0.060876 0.166497
0 0.850654 0.458730 0.043519 0.173781
9 0.019975 0.312179 0.011708 0.040238
8 0.152456 0.382246 0.008976 0.035382
8 0.160650 0.382593 0.014439 0.035382
9 0.138798 0.386235 0.028097 0.028098
9 0.110799 0.387102 0.018536 0.030526
9 0.926172 0.097643 0.062242 0.196674
9 0.011780 0.303334 0.022634 0.110652
