2 0.028063 0.529097 0.054421 0.055613
2 0.089591 0.528162 0.047059 0.046264
2 0.123774 0.539381 0.043904 0.042525
2 0.143231 0.544055 0.044955 0.036915
2 0.177940 0.552470 0.042852 0.027566
2 0.212122 0.547795 0.046007 0.044394
2 0.314144 0.559014 0.056525 0.040655
2 0.393026 0.565558 0.027075 0.027566
2 0.555448 0.606694 0.055322 0.076181
2 0.822673 0.607629 0.036541 0.036915
2 0.681210 0.594540 0.035490 0.033176
2 0.843708 0.605759 0.015506 0.014478
2 0.885253 0.610434 0.020765 0.020087
2 0.933108 0.612303 0.017610 0.016347
2 0.984645 0.616043 0.023920 0.020087
2 0.258926 0.550600 0.044955 0.046264
2 0.713289 0.596410 0.021817 0.021957
