2 0.270263 0.403711 0.019238 0.015451
2 0.247192 0.406054 0.028467 0.015451
2 0.214233 0.403711 0.033740 0.015451
2 0.310473 0.407226 0.012646 0.013108
2 0.324975 0.404883 0.012646 0.013108
2 0.346728 0.406054 0.011328 0.010764
2 0.371118 0.402539 0.012646 0.008420
2 0.385620 0.406054 0.015283 0.010764
2 0.574804 0.402539 0.011328 0.013108
2 0.565576 0.402539 0.011328 0.013108
2 0.549755 0.402539 0.011328 0.013108
2 0.540527 0.402539 0.011328 0.013108
2 0.531958 0.402539 0.012646 0.013108
2 0.521411 0.406054 0.012646 0.015451
2 0.511523 0.406054 0.011328 0.015451
2 0.499658 0.406054 0.013965 0.015451
2 0.116016 0.421875 0.069336 0.052951
2 0.290698 0.417187 0.036377 0.034201
2 0.455493 0.444086 0.075928 0.111653
3 0.160840 0.393750 0.061426 0.048264
9 0.587329 0.367968 0.023193 0.020139
