8 0.666615 0.027725 0.015177 0.056839
8 0.670213 0.036256 0.017576 0.073901
8 0.149568 0.023460 0.017576 0.048308
8 0.125575 0.030924 0.022375 0.063237
8 0.556847 0.253791 0.009179 0.018450
8 0.498664 0.242061 0.010378 0.020583
8 0.698405 0.234597 0.011578 0.009920
8 0.627626 0.219668 0.011578 0.022716
8 0.695406 0.251659 0.010378 0.026981
9 0.466274 0.254858 0.027173 0.016318
9 0.669614 0.265521 0.011578 0.024849
9 0.713401 0.240995 0.019976 0.022716
9 0.267733 0.054384 0.025974 0.046176
9 0.281529 0.090640 0.089555 0.135749
9 0.733195 0.212204 0.023574 0.024849
2 0.619229 0.307109 0.028373 0.044043
2 0.567644 0.311374 0.016377 0.026981
2 0.429988 0.337129 0.074566 0.082756
2 0.714037 0.332372 0.174656 0.111631
2 0.305575 0.478791 0.365366 0.519635
3 0.888700 0.303910 0.221819 0.609208
3 0.531480 0.321562 0.061426 0.052951
8 0.654087 0.026016 0.016602 0.053420
