0 0.194265 0.428866 0.025137 0.135410
0 0.212822 0.430928 0.025137 0.135410
8 0.357796 0.314433 0.018178 0.034379
8 0.376353 0.310309 0.011219 0.042626
8 0.396070 0.358763 0.006580 0.028193
8 0.460438 0.363918 0.010060 0.017884
2 0.364755 0.437113 0.015859 0.036440
2 0.396650 0.442268 0.021658 0.038502
2 0.409407 0.446392 0.021658 0.050873
2 0.429704 0.446392 0.043694 0.071492
2 0.563660 0.423711 0.035575 0.042626
2 0.597874 0.457732 0.059931 0.094172
2 0.651224 0.475258 0.106323 0.104482
2 0.820403 0.470047 0.248674 0.251243
2 0.507410 0.473700 0.135317 0.173803
0 0.009278 0.417526 0.019338 0.104482
0 0.714608 0.425639 0.018388 0.036772
