2 0.022426 0.620037 0.045634 0.324779
2 0.065017 0.498931 0.130347 0.200888
2 0.166267 0.442325 0.164669 0.189016
2 0.281246 0.409992 0.089160 0.119445
2 0.337130 0.382071 0.071776 0.105118
2 0.387644 0.373681 0.032529 0.076135
2 0.415102 0.372156 0.029097 0.048677
2 0.432291 0.360684 0.024006 0.053192
2 0.481600 0.354613 0.017942 0.022745
2 0.509058 0.349274 0.009362 0.018169
2 0.522787 0.346986 0.019658 0.031897
2 0.535658 0.347749 0.016226 0.045626
2 0.552390 0.348512 0.020516 0.053253
2 0.565260 0.354613 0.030813 0.062406
2 0.569980 0.359190 0.014510 0.065457
2 0.609879 0.365291 0.078864 0.095965
2 0.907300 0.423210 0.184618 0.388751
0 0.155970 0.473596 0.066851 0.315626
2 0.498332 0.353088 0.017084 0.019694
8 0.473878 0.314190 0.009362 0.018169
8 0.513348 0.308851 0.007646 0.016643
2 0.457770 0.362797 0.008504 0.021219
2 0.066205 0.381260 0.080789 0.056287
2 0.442325 0.358220 0.022233 0.048677
2 0.057060 0.364322 0.049690 0.054779
