2 0.161001 0.458419 0.057605 0.036593
2 0.047689 0.456909 0.094437 0.067164
2 0.462628 0.458674 0.021445 0.025879
2 0.591630 0.472449 0.024027 0.035062
2 0.701979 0.488763 0.065063 0.063660
9 0.166598 0.398112 0.010252 0.021287
9 0.355753 0.388929 0.018001 0.033532
9 0.431949 0.387398 0.017140 0.036593
9 0.531391 0.380510 0.026610 0.016695
9 0.688087 0.395051 0.018001 0.036593
9 0.872679 0.280255 0.030054 0.067205
2 0.492475 0.486735 0.062771 0.087103
2 0.613950 0.479765 0.033657 0.039819
2 0.846857 0.544565 0.305505 0.297999
2 0.098627 0.453974 0.036944 0.043762
