8 0.478945 0.470906 0.011544 0.020523
8 0.492099 0.490040 0.009152 0.024775
9 0.244555 0.482599 0.021111 0.022649
9 0.439481 0.488126 0.009152 0.018397
2 0.326908 0.511320 0.021434 0.033320
2 0.297771 0.519591 0.027090 0.026901
2 0.281029 0.529158 0.022307 0.024775
2 0.212864 0.535536 0.031874 0.033279
2 0.102325 0.543750 0.067354 0.058211
2 0.019931 0.504921 0.022307 0.041783
2 0.071154 0.498543 0.028286 0.022649
2 0.113607 0.497480 0.022307 0.029027
2 0.165628 0.498543 0.021111 0.026901
2 0.205689 0.497480 0.031874 0.033279
