9 0.566334 0.502342 0.022363 0.042599
9 0.755378 0.384395 0.016768 0.034073
8 0.441778 0.508026 0.008775 0.025547
8 0.409005 0.519807 0.007176 0.027565
8 0.457365 0.536448 0.007975 0.017020
9 0.453768 0.511579 0.019965 0.012757
2 0.416258 0.563448 0.019166 0.024126
2 0.430246 0.564869 0.010373 0.021284
2 0.439039 0.562026 0.011972 0.021284
2 0.451029 0.559184 0.013571 0.021284
2 0.461021 0.562026 0.009574 0.021284
2 0.472511 0.568682 0.022963 0.033551
8 0.381187 0.514922 0.011328 0.027170
2 0.872795 0.712513 0.253628 0.309853
