2 0.022195 0.668255 0.042841 0.174047
2 0.906221 0.833715 0.186610 0.329836
2 0.437170 0.599547 0.014546 0.025860
2 0.405051 0.603172 0.011487 0.020422
2 0.395874 0.604532 0.011487 0.023141
2 0.375227 0.612689 0.020664 0.044893
2 0.520525 0.604532 0.019135 0.039455
2 0.497102 0.611239 0.029076 0.042174
2 0.459248 0.610559 0.037488 0.059848
9 0.432865 0.566375 0.012252 0.012265
9 0.392730 0.517395 0.026782 0.020422
8 0.413378 0.518075 0.011487 0.021782
3 0.228074 0.516803 0.282689 0.426579
2 0.660238 0.613841 0.039018 0.100634
2 0.688151 0.592089 0.062724 0.070724
2 0.690063 0.632874 0.035959 0.065286
2 0.733652 0.621318 0.069607 0.104712
2 0.808596 0.618279 0.097137 0.129824
9 0.892716 0.522753 0.019135 0.057129
2 0.893098 0.640269 0.157551 0.121202
2 0.962230 0.613848 0.074760 0.138700
2 0.058803 0.634241 0.058901 0.174047
2 0.578819 0.624281 0.125855 0.179479
