9 0.446608 0.434285 0.007645 0.016919
9 0.549252 0.361627 0.009517 0.026902
9 0.489039 0.453143 0.007645 0.019137
9 0.298072 0.438722 0.006397 0.022465
9 0.376068 0.443714 0.006397 0.012482
8 0.217454 0.413948 0.005149 0.015810
8 0.269556 0.418385 0.004525 0.013591
8 0.288899 0.418940 0.004525 0.016919
2 0.367312 0.465900 0.017005 0.019137
2 0.351089 0.465345 0.018252 0.022465
4 0.417230 0.471446 0.030732 0.030230
2 0.443125 0.467009 0.022620 0.030230
2 0.470351 0.472444 0.033228 0.051307
2 0.280039 0.464679 0.025740 0.026902
2 0.252584 0.465789 0.025740 0.035777
