9 0.173629 0.401276 0.066215 0.085573
9 0.099586 0.395153 0.064493 0.079450
9 0.376818 0.407398 0.026610 0.039654
9 0.375526 0.431888 0.011974 0.021287
9 0.538680 0.393623 0.074825 0.058022
9 0.628815 0.410314 0.025749 0.042715
9 0.667129 0.442456 0.009391 0.021287
9 0.576296 0.450875 0.018862 0.016695
9 0.618484 0.397303 0.039525 0.062613
9 0.086896 0.492201 0.024027 0.038124
9 0.031794 0.289395 0.061910 0.226389
9 0.222069 0.483783 0.013696 0.039654
9 0.333134 0.426385 0.029193 0.025879
9 0.350784 0.425620 0.009391 0.024348
2 0.385284 0.463010 0.008530 0.012103
2 0.392602 0.463776 0.012835 0.016695
2 0.402073 0.463776 0.014557 0.019756
2 0.593208 0.464541 0.021445 0.030471
2 0.607414 0.469133 0.010252 0.021287
2 0.578141 0.467602 0.020584 0.024348
2 0.560922 0.469898 0.018862 0.019756
2 0.765402 0.497449 0.017140 0.019756
2 0.804146 0.495919 0.044691 0.025879
2 0.826531 0.499745 0.017140 0.027409
2 0.531587 0.476171 0.043830 0.070622
2 0.454961 0.545991 0.145424 0.209552
2 0.019310 0.533747 0.038664 0.047307
2 0.007503 0.461042 0.015787 0.021287
2 0.022324 0.464104 0.022305 0.027409
2 0.066233 0.459512 0.015418 0.024348
8 0.279073 0.474796 0.012835 0.016695
8 0.261853 0.475561 0.011113 0.018226
8 0.247217 0.490868 0.009391 0.018226
