2 0.503086 0.349687 0.042969 0.063264
2 0.476613 0.326437 0.027148 0.052014
2 0.464484 0.313312 0.021875 0.029514
2 0.453410 0.303937 0.012383 0.025764
2 0.384855 0.303937 0.014492 0.022014
2 0.365449 0.309687 0.010273 0.018264
2 0.344355 0.312500 0.014492 0.031389
2 0.327480 0.314375 0.025039 0.046389
2 0.296894 0.332187 0.029258 0.048264
2 0.280019 0.343125 0.031367 0.048264
2 0.254180 0.359062 0.051406 0.061389
8 0.207095 0.137812 0.029559 0.061389
8 0.465644 0.198750 0.022930 0.052014
8 0.542335 0.261027 0.016602 0.018264
8 0.529152 0.076071 0.015547 0.023889
9 0.290792 0.248839 0.013437 0.038889
