2 0.446264 0.453906 0.012646 0.020139
2 0.435717 0.463281 0.012646 0.020139
2 0.468457 0.457422 0.008691 0.036545
4 0.492061 0.453906 0.037443 0.067014
0 0.203467 0.450390 0.013965 0.041233
2 0.030821 0.577889 0.062423 0.323736
0 0.547998 0.471875 0.011328 0.052951
7 0.653686 0.502502 0.052197 0.054831
7 0.852319 0.542578 0.041650 0.088108
6 0.903076 0.514453 0.058789 0.181858
9 0.826611 0.273047 0.056152 0.064670
0 0.312715 0.464215 0.016602 0.046709
0 0.333281 0.469062 0.013437 0.048264
0 0.560039 0.473750 0.013437 0.046389
