2 0.107221 0.488623 0.076466 0.072148
2 0.424468 0.478031 0.027271 0.043997
2 0.406808 0.480274 0.027271 0.057452
2 0.327717 0.464950 0.023991 0.043249
2 0.367704 0.479958 0.077728 0.107419
2 0.439983 0.469136 0.018441 0.028299
2 0.468996 0.476985 0.031055 0.043997
4 0.472149 0.446262 0.039885 0.050724
2 0.506563 0.481575 0.057752 0.096683
2 0.252423 0.496347 0.167010 0.207409
2 0.036581 0.476849 0.073944 0.112889
7 0.845684 0.531521 0.061524 0.111187
7 0.925366 0.551653 0.076236 0.142684
7 0.977326 0.535291 0.040434 0.188862
0 0.632854 0.479900 0.022225 0.095575
0 0.693402 0.479900 0.019703 0.073150
