8 0.437876 0.383672 0.008691 0.031858
8 0.499180 0.293437 0.012646 0.052951
9 0.549278 0.416484 0.015283 0.036545
9 0.368003 0.354375 0.016602 0.015451
2 0.399644 0.480937 0.019238 0.081076
4 0.357456 0.464120 0.074609 0.189711
4 0.500498 0.386015 0.089111 0.050608
2 0.485385 0.524230 0.188083 0.280401
4 0.165230 0.366293 0.331241 0.733976
7 0.620469 0.497343 0.049561 0.081076
7 0.626402 0.495000 0.040332 0.076389
7 0.680454 0.510234 0.074609 0.106858
7 0.708140 0.533671 0.056152 0.144358
7 0.701548 0.530156 0.058789 0.137326
7 0.778672 0.523125 0.112842 0.156076
6 0.807628 0.477439 0.031000 0.051646
