2 0.877327 0.742490 0.244483 0.273275
2 0.705273 0.711349 0.083640 0.096792
2 0.496665 0.682799 0.029051 0.056845
2 0.451823 0.677600 0.031000 0.060311
2 0.516648 0.670668 0.016378 0.025651
2 0.479118 0.659403 0.015403 0.023918
2 0.567826 0.685398 0.023202 0.023918
2 0.547842 0.672401 0.020277 0.018719
8 0.475706 0.609147 0.004680 0.023918
8 0.571237 0.611746 0.006630 0.025651
8 0.619490 0.644673 0.005655 0.022185
8 0.591708 0.642940 0.004680 0.022185
9 0.418193 0.628210 0.014429 0.010054
2 0.372726 0.675336 0.027904 0.024767
