9 0.760351 0.505816 0.030063 0.023947
8 0.745710 0.477185 0.016398 0.060386
8 0.731069 0.469376 0.018350 0.051710
8 0.409945 0.443348 0.016398 0.051710
8 0.394816 0.441613 0.013470 0.055181
9 0.343085 0.550932 0.023231 0.017006
8 0.754494 0.566549 0.018350 0.055181
8 0.776944 0.583901 0.022255 0.037828
8 0.337229 0.596047 0.013470 0.034358
9 0.523656 0.618605 0.009566 0.017006
9 0.523168 0.631619 0.006638 0.015271
2 0.482174 0.646369 0.010542 0.020476
2 0.497302 0.647236 0.005662 0.018741
2 0.509015 0.654177 0.011518 0.015271
2 0.518288 0.654177 0.010542 0.022211
2 0.527560 0.659383 0.013470 0.022211
2 0.545129 0.666324 0.032991 0.043034
2 0.579292 0.678470 0.046656 0.074268
2 0.401161 0.664588 0.037872 0.049975
2 0.447275 0.681073 0.079346 0.114178
2 0.017081 0.688014 0.034943 0.082944
3 0.973974 0.651574 0.051270 0.187057
4 0.919448 0.668059 0.071058 0.150618
