8 0.252255 0.417869 0.013539 0.017884
8 0.295168 0.415808 0.013539 0.013760
8 0.218041 0.413746 0.010060 0.009636
2 0.207603 0.446392 0.033255 0.042626
2 0.170490 0.448454 0.047173 0.050873
2 0.335180 0.452577 0.021658 0.026131
2 0.405348 0.453608 0.011219 0.048812
2 0.425065 0.457732 0.036735 0.048812
2 0.496972 0.438144 0.057611 0.034379
2 0.707474 0.448110 0.109802 0.087987
2 0.557861 0.458419 0.086606 0.050873
2 0.259237 0.446070 0.030936 0.032317
2 0.370577 0.460503 0.065730 0.081801
2 0.458722 0.462565 0.058771 0.061183
2 0.644289 0.472874 0.135317 0.106544
2 0.078309 0.473736 0.156194 0.182496
2 0.785204 0.438853 0.041374 0.054997
2 0.923799 0.502440 0.149235 0.206913
