9 0.844203 0.049789 0.173621 0.100967
9 0.685767 0.038409 0.035989 0.078207
9 0.281673 0.492914 0.021586 0.036953
9 0.155644 0.568309 0.015985 0.051178
2 0.879011 0.623077 0.023987 0.024150
2 0.837802 0.615964 0.067997 0.044065
2 0.772987 0.603161 0.067997 0.063981
4 0.604948 0.564041 0.277645 0.147912
2 0.429436 0.609409 0.085436 0.079938
2 0.325129 0.612408 0.128319 0.073939
2 0.010273 0.586091 0.021328 0.052601
8 0.714783 0.361283 0.032789 0.116615
8 0.287408 0.409695 0.017585 0.063981
8 0.601080 0.071128 0.044791 0.143644
8 0.570273 0.069705 0.027988 0.140799
8 0.557070 0.088198 0.023987 0.092432
