9 0.014135 0.142972 0.025151 0.030850
9 0.013160 0.180231 0.025151 0.018719
9 0.641911 0.292009 0.017353 0.013520
8 0.280745 0.136040 0.012479 0.058578
8 0.539069 0.202760 0.008580 0.039515
8 0.645810 0.337933 0.015403 0.022185
8 0.248089 0.332734 0.011504 0.022185
8 0.042892 0.282478 0.012479 0.025651
8 0.009748 0.285077 0.020277 0.037782
8 0.269047 0.136040 0.012479 0.044714
8 0.297316 0.138639 0.016378 0.053379
8 0.549304 0.202760 0.013454 0.036049
8 0.528346 0.204493 0.008580 0.036049
8 0.769123 0.280745 0.024177 0.042981
8 0.744266 0.285077 0.019303 0.034316
2 0.110153 0.544159 0.221088 0.500491
2 0.501539 0.452914 0.107035 0.152687
2 0.867092 0.554557 0.264954 0.354919
2 0.706736 0.472179 0.166499 0.179765
2 0.958236 0.368261 0.082665 0.037782
2 0.387486 0.429782 0.077791 0.091504
2 0.358242 0.414185 0.046597 0.074175
2 0.420142 0.413319 0.041723 0.072442
2 0.446949 0.405520 0.017353 0.025651
4 0.510799 0.358729 0.047572 0.039515
2 0.552716 0.409853 0.024177 0.034316
