2 0.151400 0.397913 0.127697 0.101310
2 0.228012 0.394725 0.029482 0.065168
2 0.265682 0.397559 0.045028 0.056664
2 0.296774 0.398976 0.047420 0.039657
8 0.335640 0.087520 0.019915 0.054539
9 0.339227 0.155197 0.039049 0.082176
9 0.339825 0.202323 0.040245 0.024775
9 0.547308 0.309685 0.017523 0.022649
9 0.578999 0.310748 0.016328 0.020523
9 0.604112 0.318189 0.013936 0.035405
9 0.659720 0.345827 0.012740 0.026901
8 0.638194 0.339449 0.012740 0.018397
8 0.570030 0.340158 0.010348 0.018397
8 0.538339 0.364606 0.006761 0.024775
8 0.564050 0.365669 0.007956 0.018397
8 0.619060 0.373110 0.012740 0.016271
2 0.622648 0.447874 0.101234 0.154460
2 0.660916 0.401102 0.043832 0.077924
2 0.580195 0.403228 0.021111 0.060916
2 0.532958 0.408543 0.034266 0.058790
2 0.553288 0.392599 0.039049 0.060916
9 0.699183 0.373465 0.010348 0.022649
9 0.706956 0.349016 0.013936 0.007767
3 0.897691 0.321742 0.201700 0.600454
2 0.391846 0.387284 0.031874 0.029027
2 0.503659 0.400039 0.023503 0.037531
2 0.442072 0.392599 0.041441 0.026901
2 0.619025 0.335906 0.016328 0.014145
