9 0.238500 0.276625 0.077265 0.091227
9 0.311569 0.286338 0.062242 0.076659
9 0.446099 0.300906 0.063607 0.081515
9 0.508925 0.306976 0.058144 0.079087
9 0.439953 0.384674 0.021268 0.035382
9 0.324544 0.343397 0.022634 0.020813
9 0.165431 0.316688 0.032194 0.040238
9 0.095093 0.323972 0.055413 0.059662
9 0.341617 0.371320 0.013073 0.018385
8 0.393516 0.376176 0.013073 0.018385
8 0.364152 0.350681 0.014439 0.015957
8 0.344348 0.347039 0.013073 0.023241
2 0.536924 0.405312 0.018536 0.028098
2 0.551264 0.402884 0.019902 0.023241
2 0.560825 0.413811 0.028097 0.035382
2 0.508242 0.413811 0.032194 0.025669
2 0.269913 0.353109 0.014439 0.011101
2 0.267864 0.366464 0.013073 0.018385
2 0.265133 0.379818 0.015805 0.011101
2 0.333422 0.402884 0.018536 0.018385
2 0.345031 0.411383 0.022634 0.020813
2 0.366201 0.405312 0.021268 0.018385
2 0.352543 0.419881 0.018536 0.018385
2 0.371664 0.422309 0.024000 0.018385
2 0.387370 0.416239 0.019902 0.020813
2 0.397614 0.430807 0.021268 0.020813
2 0.403760 0.421095 0.017171 0.015957
2 0.417418 0.432021 0.017171 0.023241
2 0.312935 0.385888 0.013073 0.018385
2 0.295180 0.385888 0.021268 0.018385
2 0.166113 0.382246 0.017171 0.020813
2 0.152456 0.391958 0.011708 0.030526
2 0.122408 0.407741 0.030828 0.037810
2 0.217330 0.333685 0.015805 0.020813
2 0.235085 0.333685 0.013073 0.015957
2 0.249426 0.333685 0.019902 0.015957
2 0.213916 0.339755 0.014439 0.018385
2 0.218696 0.366464 0.013073 0.018385
2 0.200941 0.378604 0.010342 0.023241
2 0.183869 0.355537 0.017171 0.020813
2 0.269913 0.394386 0.014439 0.020813
2 0.015877 0.356751 0.017171 0.018385
2 0.011780 0.370106 0.011708 0.015957
2 0.003158 0.359179 0.007098 0.028098
2 0.471366 0.408955 0.037657 0.030526
9 0.397614 0.398028 0.010342 0.023241
9 0.040461 0.303334 0.022634 0.037810
2 0.623651 0.413811 0.033560 0.025669
