9 0.186833 0.422265 0.019502 0.042991
9 0.893556 0.407704 0.061625 0.134517
9 0.484616 0.514831 0.069815 0.015950
9 0.207895 0.546033 0.010142 0.028431
9 0.433133 0.561634 0.013652 0.009709
2 0.516793 0.542913 0.019502 0.022190
2 0.450099 0.558513 0.014822 0.015950
2 0.372290 0.551233 0.011312 0.013870
9 0.197364 0.582435 0.026523 0.026350
2 0.172793 0.539792 0.014822 0.011790
2 0.187418 0.540832 0.018332 0.013870
2 0.220765 0.524191 0.012482 0.018030
2 0.232466 0.531472 0.012482 0.011790
2 0.249432 0.529392 0.013652 0.011790
2 0.148221 0.561634 0.017162 0.018030
2 0.161677 0.559554 0.020672 0.022190
2 0.224276 0.555393 0.012482 0.022190
2 0.256453 0.541872 0.027693 0.011790
2 0.303255 0.554353 0.011312 0.011790
2 0.364684 0.556433 0.012482 0.015950
2 0.420262 0.574114 0.015992 0.018030
