8 0.545460 0.086325 0.020672 0.045072
8 0.430208 0.541179 0.010142 0.020110
8 0.530834 0.541179 0.010142 0.020110
8 0.451269 0.573421 0.010142 0.018030
8 0.352398 0.596302 0.008972 0.018030
8 0.581330 0.587635 0.011312 0.020110
3 0.278623 0.611918 0.104917 0.131713
2 0.516878 0.599076 0.012482 0.024270
2 0.527409 0.603236 0.017162 0.028431
2 0.542035 0.617797 0.011312 0.024270
2 0.554906 0.618837 0.023013 0.030511
2 0.589512 0.621957 0.043082 0.057552
2 0.640321 0.621957 0.044074 0.053392
2 0.481191 0.583475 0.014822 0.018030
2 0.471246 0.585555 0.011312 0.022190
2 0.462470 0.589715 0.014822 0.026350
9 0.788920 0.082165 0.148210 0.088754
9 0.959750 0.115447 0.068645 0.113716
0 0.395776 0.611557 0.014822 0.045072
2 0.448868 0.608288 0.014822 0.026350
9 0.499181 0.603088 0.031203 0.053392
