2 0.641675 0.358114 0.085258 0.034037
2 0.643511 0.362195 0.072403 0.038934
2 0.656826 0.363827 0.086177 0.029140
2 0.672895 0.378519 0.099950 0.071582
2 0.727070 0.366276 0.186263 0.115657
2 0.727988 0.385790 0.160553 0.087906
2 0.753311 0.395418 0.139578 0.107829
2 0.836089 0.393136 0.284931 0.151570
2 0.861090 0.424968 0.266149 0.192380
2 0.904246 0.454352 0.189018 0.241353
2 0.932712 0.555929 0.132088 0.224293
3 0.545675 0.395890 0.151371 0.231558
3 0.452934 0.345207 0.090768 0.182744
2 0.376721 0.414663 0.133006 0.220131
2 0.124208 0.397523 0.061384 0.045464
2 0.082305 0.465130 0.165392 0.142052
2 0.212817 0.495382 0.321243 0.355452
