2 0.475839 0.364937 0.014439 0.028098
2 0.488814 0.357653 0.013073 0.028098
2 0.504657 0.346605 0.010342 0.023241
2 0.551777 0.353890 0.014439 0.018385
2 0.439099 0.374528 0.013073 0.045094
2 0.431588 0.375742 0.019902 0.042666
2 0.423393 0.376956 0.011708 0.049950
2 0.410418 0.376956 0.024000 0.059662
2 0.391297 0.383026 0.037657 0.062090
2 0.368079 0.395167 0.037657 0.057234
2 0.336666 0.407307 0.054047 0.071803
2 0.297058 0.415805 0.064973 0.083943
2 0.223553 0.432802 0.110914 0.117936
2 0.463683 0.367244 0.018536 0.035382
2 0.499877 0.364816 0.017171 0.025669
2 0.514900 0.347820 0.011708 0.025669
3 0.597530 0.326648 0.078631 0.158146
7 0.540850 0.389305 0.014439 0.050366
1 0.539569 0.367767 0.016397 0.064218
