2 0.059643 0.553029 0.120067 0.214838
2 0.116557 0.495508 0.034306 0.049900
2 0.734816 0.562731 0.090440 0.087323
2 0.669326 0.544712 0.053017 0.101184
2 0.511447 0.523229 0.024171 0.055444
2 0.532108 0.523229 0.018713 0.041584
2 0.543023 0.535703 0.021832 0.047128
2 0.186335 0.589029 0.220641 0.211993
2 0.428805 0.594243 0.170744 0.230787
2 0.594480 0.568826 0.110711 0.136118
0 0.741443 0.555108 0.025730 0.163555
0 0.913745 0.582828 0.041323 0.232857
8 0.548870 0.271663 0.019493 0.048514
8 0.659190 0.426899 0.015595 0.031882
8 0.301333 0.462936 0.014035 0.029110
8 0.079524 0.370072 0.033526 0.040198
8 0.481821 0.301463 0.011696 0.049900
8 0.374230 0.363835 0.014815 0.030496
8 0.626835 0.399872 0.010137 0.033268
8 0.470906 0.304928 0.013256 0.045742
9 0.491177 0.304928 0.008578 0.042970
9 0.102523 0.237705 0.012476 0.027724
9 0.114608 0.333342 0.016374 0.030496
9 0.093557 0.258496 0.027289 0.022179
9 0.725070 0.243942 0.025730 0.048514
9 0.736765 0.303542 0.024171 0.065147
9 0.731697 0.362449 0.012476 0.047128
9 0.713376 0.298691 0.019493 0.049900
9 0.125913 0.293840 0.021832 0.040198
9 0.142675 0.179492 0.046001 0.049900
9 0.316146 0.328491 0.010917 0.026338
8 0.681020 0.425513 0.020272 0.037426
9 0.730196 0.449644 0.015177 0.024849
