8 0.077305 0.270000 0.020557 0.081076
8 0.381846 0.163359 0.017920 0.074045
8 0.515000 0.252422 0.012646 0.064670
8 0.359434 0.157500 0.025830 0.085764
8 0.499180 0.247734 0.012646 0.059983
8 0.462925 0.337969 0.013965 0.038889
8 0.499180 0.489140 0.012646 0.027170
8 0.300108 0.462187 0.015283 0.029514
8 0.010728 0.448125 0.013965 0.024826
8 0.772739 0.367265 0.021875 0.031858
8 0.786582 0.415312 0.012646 0.038889
8 0.897983 0.469218 0.013965 0.029514
8 0.916440 0.333281 0.011328 0.057639
8 0.932261 0.439922 0.024512 0.036545
8 0.897324 0.498515 0.015283 0.027170
8 0.518296 0.431718 0.008691 0.034201
8 0.033140 0.260625 0.019238 0.057639
8 0.319224 0.398906 0.011328 0.038889
9 0.954673 0.357890 0.037695 0.036545
9 0.893369 0.420000 0.023193 0.029514
9 0.511045 0.448125 0.017920 0.043576
9 0.311314 0.493828 0.016602 0.036545
9 0.063462 0.348515 0.037695 0.059983
9 0.056871 0.408281 0.024512 0.057639
9 0.960605 0.227812 0.049561 0.034201
2 0.706821 0.561796 0.042969 0.055295
2 0.733848 0.554765 0.020557 0.055295
2 0.630357 0.566484 0.045605 0.041233
2 0.664634 0.562968 0.053516 0.048264
2 0.576143 0.570979 0.041876 0.055679
2 0.875721 0.565751 0.036122 0.045223
2 0.407554 0.568828 0.029785 0.036545
2 0.379071 0.565120 0.034018 0.043961
2 0.055477 0.543834 0.111736 0.100746
