9 0.623349 0.302783 0.020855 0.018723
9 0.595819 0.296155 0.017414 0.011585
9 0.356586 0.321646 0.020855 0.015664
9 0.500260 0.322666 0.009958 0.011585
9 0.277628 0.349176 0.011679 0.009546
8 0.373124 0.321646 0.007664 0.025860
8 0.437361 0.326234 0.007664 0.014644
8 0.445390 0.329293 0.007664 0.016683
2 0.302864 0.386903 0.023150 0.054410
2 0.273613 0.400668 0.041503 0.067665
2 0.237480 0.410864 0.036915 0.067665
2 0.209663 0.416472 0.054695 0.076842
2 0.160051 0.433410 0.062151 0.079901
2 0.104130 0.453802 0.082225 0.092137
2 0.615415 0.369172 0.040929 0.059508
2 0.484073 0.371212 0.015693 0.020762
2 0.452815 0.368153 0.019708 0.024841
2 0.367675 0.430351 0.118358 0.200218
2 0.035146 0.471759 0.071072 0.125785
