9 0.291726 0.276896 0.064362 0.058972
8 0.549649 0.285426 0.009179 0.020583
8 0.522657 0.286493 0.010378 0.026981
9 0.235942 0.286493 0.007979 0.018450
9 0.162946 0.292831 0.014814 0.031127
2 0.030803 0.284360 0.019976 0.014185
2 0.030803 0.297156 0.034371 0.022716
2 0.030997 0.338672 0.062775 0.084420
2 0.148368 0.328080 0.072760 0.037645
2 0.252138 0.336611 0.049967 0.037645
2 0.288727 0.337677 0.027173 0.035512
4 0.344209 0.335545 0.079360 0.073901
9 0.396095 0.318483 0.016377 0.031247
2 0.188284 0.306314 0.023391 0.026338
2 0.140726 0.294533 0.015595 0.030496
9 0.007017 0.277207 0.008578 0.018021
