2 0.350514 0.624813 0.020516 0.028847
2 0.314628 0.633051 0.059129 0.050202
2 0.335927 0.620237 0.011936 0.013592
2 0.268312 0.649220 0.020516 0.050202
2 0.258445 0.652271 0.026523 0.059355
2 0.224981 0.657610 0.072858 0.076135
2 0.188428 0.641593 0.023091 0.034948
2 0.162601 0.662949 0.066851 0.141728
2 0.080809 0.692870 0.161237 0.527397
2 0.365959 0.616576 0.006788 0.013592
2 0.371965 0.618864 0.008504 0.018169
2 0.379687 0.626491 0.018800 0.033423
2 0.392558 0.636407 0.018800 0.053253
2 0.412293 0.650898 0.034245 0.079185
2 0.428167 0.656237 0.033387 0.099016
2 0.486686 0.647847 0.117476 0.170711
2 0.497798 0.683861 0.093365 0.205464
2 0.736499 0.690197 0.458980 0.462607
2 0.919263 0.804646 0.158663 0.324299
7 0.376942 0.660051 0.015368 0.039524
9 0.208935 0.556322 0.010220 0.027321
9 0.372909 0.563949 0.007646 0.015118
9 0.399937 0.589119 0.010220 0.022745
9 0.480594 0.513610 0.015368 0.018169
