8 0.278530 0.309952 0.013977 0.061104
8 0.441082 0.536019 0.010378 0.022716
8 0.455477 0.494431 0.010378 0.046176
8 0.257536 0.307820 0.017576 0.069635
8 0.292326 0.316350 0.010378 0.069635
9 0.381099 0.282227 0.075159 0.035512
9 0.638423 0.115877 0.030772 0.044043
9 0.689408 0.111611 0.055965 0.086697
9 0.659495 0.041232 0.058520 0.082431
0 0.422487 0.606868 0.016377 0.074840
0 0.483069 0.639455 0.039170 0.216792
2 0.578053 0.612796 0.093929 0.078166
2 0.679811 0.594668 0.118346 0.080299
2 0.769443 0.595734 0.086475 0.065370
8 0.604233 0.463507 0.024774 0.039777
8 0.628226 0.461374 0.024774 0.039777
9 0.624027 0.366469 0.023574 0.029114
9 0.629426 0.394194 0.022375 0.012052
2 0.255737 0.596801 0.016377 0.024849
2 0.229344 0.597867 0.013977 0.018450
2 0.216148 0.602132 0.009179 0.018450
2 0.204152 0.606398 0.009179 0.018450
2 0.196954 0.605331 0.011578 0.024849
2 0.173561 0.613862 0.036771 0.041910
2 0.151967 0.611729 0.012778 0.024849
2 0.132773 0.614928 0.022375 0.035512
2 0.085387 0.623459 0.081157 0.103758
2 0.268333 0.591469 0.010378 0.014185
2 0.277930 0.597867 0.010378 0.026981
2 0.282729 0.602132 0.015177 0.035512
0 0.321117 0.621327 0.019976 0.073901
2 0.297218 0.627012 0.043781 0.076740
0 0.987493 0.657656 0.024233 0.460764
