2 0.447254 0.478347 0.015132 0.014145
2 0.428120 0.476221 0.015132 0.014145
2 0.413172 0.470906 0.018719 0.016271
2 0.404203 0.480473 0.024699 0.026901
2 0.385069 0.477284 0.012740 0.016271
2 0.364739 0.477284 0.027090 0.020523
2 0.330657 0.482599 0.028286 0.043909
2 0.248740 0.468780 0.046224 0.046035
2 0.292122 0.485788 0.062305 0.067294
2 0.492338 0.490040 0.021111 0.029027
2 0.507884 0.485788 0.013936 0.020523
2 0.518049 0.497480 0.022307 0.035405
2 0.531802 0.488977 0.016328 0.022649
2 0.588008 0.554882 0.123955 0.184224
2 0.701615 0.561260 0.109605 0.111940
9 0.803024 0.439016 0.028286 0.048161
2 0.867003 0.512362 0.024699 0.037531
2 0.466552 0.494291 0.029482 0.046035
