8 0.337284 0.292009 0.020277 0.072442
8 0.319737 0.290276 0.012479 0.079374
8 0.456210 0.347465 0.014429 0.051646
9 0.561977 0.366528 0.019303 0.041248
9 0.568313 0.433248 0.024177 0.025651
9 0.692601 0.223556 0.038799 0.094970
9 0.698937 0.311939 0.020277 0.036049
9 0.715022 0.332734 0.050496 0.036049
9 0.723307 0.358729 0.053421 0.029117
8 0.715509 0.408120 0.024177 0.051646
8 0.736955 0.407253 0.020277 0.049913
8 0.442563 0.485238 0.010529 0.025651
2 0.857831 0.565822 0.090464 0.103635
2 0.793006 0.554735 0.095338 0.105014
2 0.464009 0.538960 0.016378 0.025651
2 0.485942 0.546759 0.034900 0.041248
2 0.518598 0.566688 0.049522 0.063777
2 0.443538 0.538960 0.014429 0.025651
3 0.373839 0.536361 0.071942 0.124431
2 0.303165 0.571021 0.061219 0.079374
8 0.441846 0.347781 0.013857 0.056819
0 0.631941 0.531954 0.015868 0.085429
