9 0.737970 0.207535 0.024512 0.027246
9 0.713857 0.179637 0.013029 0.017720
9 0.675582 0.215020 0.016091 0.023163
9 0.675733 0.257208 0.022518 0.031328
9 0.569177 0.317087 0.011498 0.023163
9 0.290536 0.244279 0.009967 0.024524
9 0.314266 0.306880 0.016091 0.013637
9 0.437894 0.271372 0.030636 0.029717
8 0.284029 0.303478 0.016857 0.031328
8 0.586755 0.308340 0.009202 0.020441
8 0.337202 0.314464 0.015326 0.021802
8 0.711914 0.268874 0.020684 0.039494
9 0.579866 0.274318 0.009202 0.017720
8 0.497957 0.236894 0.009202 0.035411
8 0.396529 0.213759 0.008436 0.038133
8 0.405604 0.210975 0.014339 0.038010
8 0.487240 0.234172 0.007671 0.024524
2 0.688060 0.355291 0.067897 0.051742
2 0.235095 0.379106 0.041945 0.055824
2 0.267542 0.374612 0.053601 0.045761
2 0.551670 0.361542 0.014560 0.017720
2 0.531384 0.358140 0.035229 0.019080
2 0.509184 0.361542 0.012264 0.014998
2 0.491484 0.360536 0.023984 0.031389
8 0.514687 0.309911 0.011328 0.020139
