8 0.468199 0.278203 0.008691 0.036545
8 0.600034 0.267656 0.008691 0.038889
8 0.331748 0.359062 0.007373 0.024826
8 0.344273 0.360234 0.008691 0.022483
8 0.644859 0.350859 0.013965 0.022483
9 0.642881 0.329765 0.012646 0.013108
9 0.636948 0.282890 0.016602 0.031858
9 0.441831 0.320390 0.021875 0.031858
9 0.879526 0.266484 0.027148 0.017795
8 0.861069 0.315703 0.013965 0.027170
8 0.842612 0.313359 0.008691 0.027170
0 0.837998 0.396562 0.015283 0.052951
0 0.782627 0.407109 0.017920 0.050608
0 0.766807 0.402422 0.017920 0.069358
0 0.681113 0.397734 0.015283 0.055295
0 0.646177 0.395390 0.011328 0.050608
2 0.158384 0.411797 0.027148 0.031858
2 0.290220 0.391875 0.024512 0.024826
2 0.079942 0.403593 0.131299 0.085764
2 0.366026 0.393047 0.015283 0.022483
2 0.373936 0.397734 0.015283 0.017795
2 0.383824 0.396562 0.011328 0.020139
2 0.402940 0.398906 0.012646 0.020139
2 0.411509 0.396562 0.013965 0.024826
2 0.424693 0.394218 0.016602 0.029514
2 0.439854 0.397734 0.020557 0.031858
2 0.480064 0.400078 0.019238 0.027170
2 0.553892 0.398906 0.029785 0.038889
2 0.569712 0.403593 0.027148 0.048264
2 0.458311 0.402422 0.028467 0.045920
2 0.510386 0.425859 0.071973 0.097483
2 0.590806 0.403593 0.045605 0.048264
2 0.927646 0.408281 0.060107 0.057639
