9 0.524888 0.266484 0.019238 0.013108
9 0.512364 0.301640 0.049561 0.059983
9 0.530161 0.346172 0.011328 0.017795
2 0.347569 0.416484 0.023193 0.036545
2 0.482700 0.395390 0.021875 0.036545
2 0.508408 0.404765 0.031103 0.041233
2 0.559165 0.387187 0.027148 0.020139
2 0.530161 0.415312 0.040332 0.071701
2 0.217684 0.448125 0.148489 0.127951
2 0.089038 0.471822 0.113106 0.108681
2 0.574986 0.439922 0.090430 0.111545
2 0.412987 0.512578 0.182395 0.252170
2 0.017229 0.518437 0.035240 0.109201
4 0.809514 0.316875 0.380190 0.432639
