9 0.221418 0.337500 0.042347 0.073863
9 0.174257 0.395763 0.019965 0.034073
9 0.398557 0.433421 0.016139 0.049705
9 0.470413 0.390790 0.009574 0.018442
9 0.659058 0.367342 0.033554 0.019863
9 0.656176 0.401812 0.031325 0.049013
9 0.903257 0.244421 0.027959 0.035494
0 0.841308 0.459711 0.027160 0.056810
2 0.342119 0.512290 0.043946 0.056810
0 0.209028 0.466105 0.012771 0.032652
0 0.185847 0.458290 0.014370 0.045442
0 0.165464 0.451895 0.015169 0.038336
9 0.141883 0.385105 0.043146 0.026968
2 0.278875 0.544263 0.128485 0.174757
2 0.049160 0.823500 0.097502 0.281336
2 0.138518 0.638808 0.277818 0.331605
2 0.625086 0.515842 0.098301 0.129284
2 0.730199 0.539451 0.183831 0.200103
2 0.875603 0.618248 0.247932 0.311358
