9 0.446219 0.439804 0.021429 0.013625
9 0.440483 0.455098 0.030606 0.027899
9 0.493823 0.441843 0.017988 0.013625
9 0.484646 0.457137 0.038635 0.027899
9 0.515044 0.484328 0.007664 0.019742
2 0.520971 0.514577 0.020282 0.034017
2 0.583488 0.499282 0.028311 0.031978
2 0.623636 0.497243 0.051253 0.048292
2 0.553663 0.517636 0.044371 0.068685
2 0.462469 0.480929 0.040929 0.019742
2 0.936443 0.541088 0.126333 0.156374
2 0.460025 0.599207 0.160692 0.223670
2 0.609085 0.546526 0.100919 0.107431
2 0.763199 0.525712 0.087960 0.087880
