2 0.168091 0.458906 0.017920 0.052951
2 0.101912 0.457734 0.078043 0.088108
2 0.042187 0.469453 0.085156 0.092795
3 0.213574 0.415208 0.093066 0.159098
3 0.469336 0.420234 0.021875 0.031858
2 0.473291 0.448359 0.027148 0.036545
2 0.504272 0.455390 0.039014 0.059983
2 0.521411 0.463640 0.052197 0.062420
2 0.875917 0.533672 0.177441 0.261545
2 0.700048 0.553934 0.354101 0.387383
2 0.945073 0.576910 0.109074 0.300521
2 0.350024 0.492034 0.231494 0.359507
0 0.860756 0.394922 0.015283 0.031858
0 0.884487 0.396093 0.015283 0.034201
2 0.909535 0.406640 0.036377 0.074045
0 0.987978 0.430078 0.021875 0.083420
9 0.568872 0.356250 0.023193 0.015451
9 0.570849 0.382031 0.013965 0.020139
9 0.799584 0.294140 0.031103 0.036545
8 0.060826 0.032812 0.021875 0.057639
8 0.431762 0.263672 0.007373 0.036545
8 0.570849 0.287109 0.013965 0.050608
8 0.729711 0.209765 0.017920 0.088108
8 0.743422 0.333984 0.028467 0.045920
8 0.172046 0.385312 0.017920 0.029514
8 0.504931 0.406406 0.016602 0.024826
