9 0.142322 0.314885 0.014429 0.016986
9 0.148171 0.297555 0.014429 0.016986
9 0.654096 0.264628 0.020277 0.010054
9 0.646298 0.232567 0.010529 0.015253
9 0.264660 0.297555 0.013454 0.013520
8 0.373351 0.240366 0.006630 0.030850
8 0.476194 0.260295 0.005655 0.015253
8 0.574162 0.330482 0.010529 0.016986
8 0.654096 0.336547 0.014429 0.018719
8 0.438176 0.294955 0.005655 0.018719
2 0.437689 0.348678 0.010529 0.018719
2 0.427453 0.346078 0.021252 0.020452
3 0.409419 0.336547 0.020277 0.032583
3 0.403083 0.340879 0.021252 0.034316
2 0.395772 0.352144 0.024177 0.025651
3 0.380175 0.349544 0.033925 0.055112
2 0.361166 0.364275 0.032950 0.042981
2 0.351906 0.372940 0.022227 0.046447
2 0.331922 0.374673 0.042698 0.056845
2 0.278308 0.381605 0.044648 0.049913
2 0.497639 0.347811 0.017353 0.023918
2 0.507387 0.355610 0.019303 0.029117
2 0.615591 0.430995 0.075841 0.100169
2 0.624364 0.391136 0.089489 0.058578
2 0.447437 0.349544 0.020277 0.027384
2 0.394193 0.415398 0.074125 0.120965
2 0.305331 0.411932 0.078861 0.117499
3 0.533707 0.362666 0.044648 0.077393
2 0.126571 0.429262 0.130640 0.120965
2 0.021446 0.462011 0.043673 0.118280
3 0.814939 0.374342 0.369259 0.542008
0 0.195936 0.417998 0.022227 0.094970
0 0.206659 0.392003 0.020277 0.070709
0 0.212508 0.379872 0.016378 0.067243
0 0.232492 0.387670 0.013454 0.065510
0 0.249551 0.396335 0.012479 0.072442
0 0.263686 0.405000 0.017353 0.075908
0 0.066287 0.384204 0.020277 0.055112
0 0.041429 0.405867 0.023202 0.091504
0 0.569288 0.372073 0.012479 0.051646
0 0.623877 0.454390 0.051471 0.185086
