8 0.470446 0.334783 0.014510 0.065457
8 0.472162 0.414105 0.016226 0.022745
8 0.587141 0.314952 0.016226 0.062406
8 0.593576 0.394274 0.010220 0.031897
9 0.618889 0.195969 0.019658 0.044101
9 0.458862 0.395037 0.010220 0.024270
2 0.924784 0.491233 0.147508 0.115357
2 0.192008 0.522410 0.077148 0.077660
0 0.146103 0.510206 0.011078 0.031897
2 0.233195 0.512495 0.023949 0.042575
2 0.248211 0.508681 0.011078 0.037999
2 0.259365 0.507156 0.019658 0.034948
2 0.279530 0.500291 0.013652 0.036474
2 0.297549 0.500291 0.017084 0.027321
2 0.309990 0.496478 0.009362 0.016643
2 0.318571 0.494190 0.009362 0.021219
2 0.330584 0.494190 0.009362 0.012067
3 0.381638 0.483636 0.058271 0.097241
