2 0.379160 0.524531 0.009219 0.018264
2 0.473027 0.513281 0.009219 0.018264
2 0.478301 0.518906 0.009219 0.022014
2 0.484629 0.521719 0.009219 0.023889
2 0.494648 0.522656 0.014492 0.025764
2 0.528926 0.535781 0.015547 0.033264
2 0.546328 0.539531 0.037695 0.033264
2 0.742025 0.578422 0.089824 0.146544
2 0.394453 0.525000 0.013437 0.018264
2 0.346992 0.530625 0.017656 0.029514
2 0.315879 0.529687 0.033477 0.046389
2 0.338027 0.528750 0.014492 0.022014
2 0.466172 0.518125 0.013437 0.023889
2 0.505195 0.527187 0.023984 0.027014
2 0.631251 0.581065 0.152656 0.192854
2 0.041152 0.585581 0.081211 0.099075
2 0.984433 0.716958 0.029258 0.166829
2 0.127090 0.541875 0.052461 0.042639
2 0.370495 0.526678 0.012771 0.020928
2 0.403668 0.520905 0.005777 0.015599
2 0.409663 0.519128 0.007775 0.015599
2 0.422952 0.516020 0.007775 0.017376
2 0.432944 0.514243 0.011772 0.020928
