9 0.262560 0.466773 0.026159 0.018741
9 0.712036 0.458965 0.021279 0.017006
9 0.710572 0.427731 0.020302 0.048240
9 0.338205 0.482390 0.019326 0.015271
8 0.260608 0.491934 0.012494 0.020476
8 0.269881 0.440745 0.007614 0.039564
9 0.258168 0.407776 0.019326 0.053445
8 0.347477 0.496272 0.008590 0.018741
8 0.404577 0.425128 0.009566 0.032623
8 0.612478 0.399100 0.007614 0.036093
8 0.602229 0.397365 0.010542 0.032623
8 0.396280 0.427731 0.008590 0.030888
9 0.381639 0.425996 0.010542 0.020476
0 0.300626 0.532712 0.012494 0.039564
0 0.289402 0.560475 0.013470 0.063857
0 0.274273 0.555270 0.018350 0.074268
0 0.668113 0.545726 0.013470 0.076003
0 0.756446 0.540520 0.016398 0.072533
2 0.229374 0.540520 0.041776 0.041299
2 0.197652 0.534447 0.023231 0.036093
2 0.171298 0.540520 0.042752 0.037828
2 0.679826 0.528374 0.029087 0.044769
2 0.715452 0.524036 0.026159 0.046505
2 0.754494 0.535315 0.053488 0.051710
2 0.867229 0.498007 0.031039 0.018741
2 0.965190 0.538914 0.068839 0.079216
2 0.869181 0.624122 0.253581 0.235021
2 0.090286 0.671529 0.181352 0.542777
8 0.702866 0.478359 0.021875 0.022483
3 0.495225 0.639140 0.339599 0.481857
