8 0.592700 0.507100 0.005515 0.014991
8 0.542992 0.515602 0.003650 0.014991
8 0.540601 0.515602 0.004607 0.014991
2 0.546578 0.551307 0.011302 0.014991
2 0.533189 0.549607 0.017040 0.025192
2 0.595354 0.546206 0.013214 0.025192
2 0.605874 0.547906 0.017040 0.045595
2 0.623568 0.553007 0.042863 0.069399
2 0.408858 0.571710 0.028517 0.059197
2 0.373471 0.577192 0.061034 0.085639
2 0.308915 0.594663 0.090682 0.098303
2 0.158283 0.610816 0.231272 0.181616
2 0.476283 0.574260 0.113636 0.156112
2 0.660389 0.578162 0.070598 0.090500
9 0.760332 0.365979 0.025647 0.052396
9 0.726858 0.379581 0.025647 0.014991
9 0.722076 0.398284 0.014171 0.021792
9 0.715381 0.428889 0.035211 0.021792
9 0.602718 0.507015 0.010345 0.008190
2 0.880678 0.715517 0.237010 0.485024
