2 0.390769 0.297188 0.015606 0.032137
2 0.379143 0.309575 0.015606 0.071671
2 0.356494 0.312504 0.036197 0.089241
2 0.342080 0.319825 0.046904 0.098027
2 0.314042 0.334736 0.043681 0.109202
2 0.226774 0.333320 0.145738 0.196959
2 0.489920 0.308843 0.021372 0.032137
2 0.463152 0.296682 0.032079 0.062316
3 0.518746 0.298882 0.037844 0.072559
2 0.554162 0.316441 0.057611 0.087223
2 0.428760 0.328317 0.063776 0.102207
2 0.090054 0.350573 0.178682 0.387940
0 0.639877 0.320557 0.015606 0.076063
0 0.659141 0.325054 0.013136 0.059957
0 0.661761 0.322753 0.012312 0.057029
0 0.714885 0.337395 0.013136 0.080456
0 0.727651 0.327146 0.013959 0.086313
0 0.742476 0.324217 0.012312 0.083385
0 0.771302 0.319825 0.023843 0.092170
1 0.849958 0.316164 0.029608 0.087777
0 0.802953 0.336663 0.032079 0.117061
1 0.849899 0.367412 0.043609 0.163916
7 0.850220 0.397532 0.042786 0.090706
0 0.747268 0.362391 0.041138 0.137560
8 0.465591 0.238666 0.011488 0.024816
8 0.393145 0.250275 0.007370 0.026280
9 0.311410 0.185222 0.016430 0.058493
8 0.377084 0.252680 0.006547 0.018959
0 0.593342 0.314595 0.013136 0.054100
0 0.584603 0.322858 0.012312 0.052636
0 0.647230 0.338127 0.016430 0.081920
9 0.905438 0.186686 0.015606 0.026280
2 0.964356 0.326228 0.068740 0.071730
