7 0.743826 0.793649 0.079299 0.097105
7 0.610346 0.711568 0.072569 0.145609
7 0.480232 0.658050 0.050135 0.113058
7 0.502665 0.676994 0.068082 0.119040
7 0.535755 0.681979 0.078177 0.136987
2 0.073624 0.567319 0.019850 0.023324
2 0.019784 0.570310 0.022093 0.021330
2 0.098862 0.567319 0.023215 0.023324
2 0.115687 0.567319 0.011998 0.023324
2 0.125782 0.567319 0.009755 0.015348
0 0.394703 0.565932 0.009362 0.047152
0 0.411435 0.561356 0.010220 0.041050
0 0.402855 0.563644 0.006788 0.045626
0 0.407574 0.612458 0.026523 0.085287
0 0.433316 0.616271 0.031671 0.108169
0 0.307611 0.569746 0.008504 0.039524
7 0.618998 0.685220 0.078006 0.196643
