9 0.587912 0.512256 0.034840 0.019329
9 0.565837 0.531318 0.078989 0.035027
9 0.355180 0.485666 0.028532 0.019329
9 0.375993 0.526032 0.070159 0.073150
9 0.276341 0.490152 0.029794 0.019329
9 0.293370 0.526032 0.066375 0.059694
9 0.563404 0.622781 0.012134 0.023814
3 0.032887 0.601156 0.062591 0.102302
2 0.058115 0.649430 0.113048 0.078157
2 0.168490 0.647449 0.116832 0.064180
4 0.237868 0.628387 0.104218 0.061937
2 0.263096 0.650348 0.056284 0.044925
2 0.296524 0.655297 0.027271 0.030542
2 0.380408 0.658661 0.031055 0.032784
2 0.410051 0.656419 0.024748 0.023814
2 0.431496 0.656419 0.017180 0.019329
2 0.514118 0.649691 0.015918 0.014844
2 0.520426 0.659782 0.018441 0.021572
2 0.550069 0.672116 0.019703 0.028299
2 0.572234 0.673238 0.034840 0.043997
2 0.593206 0.684349 0.038624 0.043997
2 0.660880 0.699617 0.064725 0.067484
2 0.888442 0.740513 0.199641 0.147153
2 0.485162 0.703082 0.063741 0.091949
2 0.337520 0.700148 0.094126 0.120243
2 0.530529 0.676797 0.022972 0.039378
