8 0.497862 0.090703 0.012646 0.069358
8 0.713413 0.300469 0.019238 0.029514
8 0.700889 0.300469 0.010010 0.029514
8 0.023912 0.036797 0.027148 0.069358
8 0.516978 0.094219 0.016602 0.062326
9 0.920395 0.243047 0.011328 0.055295
9 0.692319 0.211406 0.032422 0.020139
9 0.698252 0.124687 0.031103 0.024826
0 0.110923 0.391875 0.016602 0.081076
0 0.087193 0.389531 0.021875 0.067014
0 0.673862 0.350859 0.011328 0.055295
0 0.069395 0.548906 0.120752 0.418576
2 0.244737 0.361406 0.075928 0.057639
2 0.190025 0.380917 0.058789 0.023305
2 0.266490 0.366093 0.064062 0.057639
2 0.340977 0.348515 0.075928 0.045920
2 0.327134 0.421172 0.093066 0.177170
2 0.584873 0.353203 0.025830 0.041233
2 0.207164 0.518437 0.259180 0.259201
2 0.475449 0.492045 0.249951 0.391674
2 0.903978 0.464531 0.191262 0.132639
9 0.559540 0.108312 0.024177 0.044714
9 0.713072 0.270347 0.027101 0.015253
