8 0.690574 0.361607 0.011708 0.018385
8 0.652332 0.365250 0.014439 0.020813
8 0.640040 0.362821 0.014439 0.020813
8 0.392151 0.265699 0.015805 0.025669
9 0.694672 0.370106 0.019902 0.015957
9 0.685111 0.361607 0.017171 0.013529
9 0.395565 0.240204 0.025365 0.018385
9 0.717890 0.299692 0.055413 0.020813
9 0.714475 0.315474 0.054047 0.023241
9 0.978072 0.242633 0.026731 0.052378
9 0.986949 0.281481 0.022634 0.032954
2 0.689208 0.395600 0.019902 0.018385
2 0.681697 0.394386 0.013073 0.020813
2 0.661893 0.393172 0.011708 0.018385
2 0.651649 0.394386 0.015805 0.020813
2 0.640040 0.396814 0.011708 0.020813
2 0.631846 0.401670 0.014439 0.020813
2 0.670087 0.402884 0.014439 0.023241
2 0.716524 0.422741 0.047218 0.080651
2 0.746571 0.422309 0.017171 0.042666
2 0.346659 0.380874 0.058669 0.043675
2 0.296546 0.375309 0.056778 0.045094
2 0.216647 0.352242 0.041755 0.028098
2 0.246012 0.383807 0.056778 0.047522
2 0.206404 0.376523 0.043121 0.062090
2 0.162016 0.352242 0.047218 0.032954
2 0.131969 0.368024 0.055413 0.035382
2 0.148358 0.387449 0.090923 0.074231
2 0.053009 0.386235 0.106800 0.115508
2 0.619554 0.396988 0.017171 0.030179
2 0.605896 0.402884 0.017171 0.023241
2 0.588140 0.408955 0.030828 0.035382
