2 0.033050 0.493359 0.066880 0.045920
2 0.068736 0.479297 0.066699 0.045920
4 0.160232 0.452343 0.128923 0.095139
2 0.244078 0.467578 0.037695 0.027170
2 0.255943 0.447656 0.032422 0.034201
2 0.347569 0.455859 0.028467 0.027170
2 0.324497 0.450000 0.021875 0.029514
2 0.374414 0.446484 0.021875 0.027170
2 0.357934 0.434765 0.015283 0.013108
2 0.071191 0.425390 0.035059 0.017795
2 0.040210 0.424218 0.017920 0.015451
2 0.020435 0.428906 0.017920 0.015451
2 0.005273 0.426562 0.011328 0.020139
2 0.980901 0.510937 0.037417 0.132639
9 0.696275 0.266015 0.111523 0.097483
9 0.733848 0.206250 0.036377 0.029514
2 0.404077 0.445898 0.020557 0.017795
2 0.444287 0.434179 0.016602 0.017795
2 0.457470 0.436523 0.011328 0.013108
2 0.517785 0.451758 0.025830 0.038889
2 0.592470 0.463359 0.045605 0.069358
2 0.566894 0.455468 0.021875 0.038889
2 0.549755 0.442578 0.013965 0.031858
2 0.538549 0.432031 0.010010 0.024826
2 0.634790 0.462500 0.039014 0.057639
2 0.665112 0.449609 0.020557 0.031858
9 0.630835 0.391406 0.025830 0.022483
9 0.595898 0.394922 0.021875 0.020139
9 0.603808 0.397265 0.008691 0.020139
2 0.486474 0.428906 0.011328 0.013108
