8 0.411090 0.361518 0.012778 0.040539
8 0.744591 0.324881 0.015177 0.039777
8 0.771583 0.346208 0.030772 0.052574
9 0.773383 0.290758 0.036771 0.052574
8 0.295925 0.454976 0.012778 0.022716
8 0.681010 0.473104 0.010378 0.016318
2 0.455477 0.536019 0.048767 0.052574
2 0.538711 0.567093 0.210436 0.136050
2 0.805325 0.660782 0.388569 0.476981
9 0.767385 0.409123 0.039170 0.041910
2 0.347589 0.610863 0.209679 0.316628
2 0.085581 0.605202 0.171943 0.284849
8 0.130699 0.370781 0.013965 0.057639
8 0.683750 0.309844 0.020557 0.062326
8 0.772080 0.165703 0.041650 0.106858
