9 0.219819 0.329268 0.011504 0.029117
9 0.219819 0.353530 0.017353 0.022185
9 0.629726 0.368261 0.024177 0.013520
9 0.667743 0.360462 0.008580 0.018719
9 0.671643 0.380392 0.010529 0.023918
2 0.621927 0.476573 0.063169 0.119232
9 0.332897 0.430648 0.009555 0.020452
8 0.610230 0.371727 0.008580 0.027384
8 0.603893 0.372593 0.009555 0.025651
0 0.322174 0.462709 0.009555 0.039515
0 0.274896 0.470507 0.014429 0.062044
2 0.228592 0.484957 0.101186 0.123260
2 0.460109 0.586524 0.347813 0.460819
2 0.824200 0.433248 0.350737 0.687654
0 0.153386 0.478946 0.017902 0.046150
