9 0.576069 0.316111 0.013885 0.035777
9 0.632538 0.273959 0.018252 0.015810
9 0.626922 0.305019 0.010765 0.031340
8 0.342124 0.247925 0.007645 0.040214
8 0.483766 0.237387 0.008893 0.036886
3 0.488134 0.375493 0.050075 0.111208
3 0.432912 0.362181 0.061931 0.102334
3 0.155868 0.359408 0.311520 0.720205
2 0.332827 0.429626 0.028236 0.044651
2 0.395848 0.389803 0.010765 0.022687
2 0.368705 0.437613 0.046331 0.086804
2 0.528130 0.382149 0.023244 0.026902
2 0.529690 0.401561 0.017629 0.030230
2 0.548722 0.405444 0.041963 0.051307
2 0.760560 0.402670 0.070042 0.061290
2 0.885332 0.422419 0.228555 0.241297
2 0.422540 0.469782 0.112472 0.166672
2 0.675698 0.487346 0.232341 0.249869
2 0.505461 0.408679 0.040232 0.087596
