9 0.797129 0.146484 0.036377 0.045920
0 0.051597 0.424218 0.040332 0.146701
0 0.029844 0.434765 0.020557 0.134983
2 0.412827 0.376172 0.016602 0.031858
2 0.405576 0.383203 0.015283 0.031858
2 0.388438 0.389062 0.020557 0.043576
2 0.378550 0.400781 0.013965 0.048264
2 0.358116 0.401953 0.036377 0.064670
2 0.330430 0.417637 0.065381 0.072602
2 0.451060 0.380859 0.011328 0.027170
2 0.460948 0.379687 0.012646 0.038889
2 0.468199 0.393750 0.019238 0.048264
2 0.484019 0.389062 0.027148 0.057639
2 0.491270 0.400781 0.028467 0.062326
2 0.497862 0.410156 0.020557 0.057639
2 0.509068 0.419531 0.021875 0.071701
3 0.619810 0.443901 0.232812 0.280774
2 0.748350 0.400781 0.028467 0.067014
2 0.808994 0.418359 0.126025 0.120920
2 0.853679 0.539531 0.291860 0.301389
