2 0.119847 0.511224 0.240475 0.276899
2 0.450459 0.539388 0.155756 0.166695
2 0.637462 0.558979 0.133026 0.129960
2 0.575472 0.557143 0.073103 0.122613
2 0.544994 0.568163 0.039008 0.096899
2 0.844802 0.505045 0.309614 0.259871
2 0.280033 0.572372 0.068372 0.074705
3 0.367289 0.533265 0.036942 0.104246
8 0.370217 0.409592 0.010424 0.035675
8 0.467851 0.426122 0.007325 0.032001
8 0.361263 0.408061 0.006980 0.021593
8 0.459930 0.424592 0.008013 0.021593
8 0.248820 0.490408 0.014212 0.023430
8 0.318559 0.504184 0.011113 0.021593
9 0.260542 0.466337 0.023191 0.015246
9 0.719426 0.376224 0.025577 0.027715
