4 0.277354 0.334442 0.066772 0.107490
2 0.388654 0.324642 0.011541 0.019454
4 0.378492 0.310083 0.110288 0.064298
2 0.363668 0.328404 0.041428 0.032844
2 0.405988 0.328829 0.027560 0.035394
3 0.432847 0.296836 0.016562 0.037944
4 0.117841 0.124361 0.236054 0.037094
3 0.449345 0.096064 0.193972 0.059197
2 0.635450 0.111508 0.016576 0.007340
9 0.255197 0.164074 0.026604 0.042195
9 0.578378 0.127519 0.019431 0.043895
9 0.579334 0.229392 0.022300 0.017541
9 0.582442 0.245545 0.012258 0.015841
9 0.561163 0.225567 0.013693 0.028593
9 0.562358 0.251921 0.014171 0.016691
9 0.561163 0.268498 0.013693 0.024342
9 0.527689 0.253196 0.016562 0.020942
9 0.712751 0.209754 0.023256 0.037208
9 0.712831 0.273457 0.008432 0.018391
9 0.748456 0.177251 0.025169 0.029443
9 0.756825 0.197229 0.014171 0.016691
9 0.832539 0.121568 0.014171 0.045595
9 0.832061 0.156848 0.016084 0.022642
9 0.687247 0.019695 0.019431 0.034544
9 0.410770 0.143926 0.009389 0.015841
9 0.365262 0.185101 0.007317 0.013177
9 0.257508 0.133725 0.013693 0.014141
9 0.261334 0.193659 0.011780 0.016691
9 0.258704 0.221713 0.028517 0.020092
9 0.260139 0.249342 0.033299 0.037944
9 0.263725 0.286322 0.024213 0.026893
9 0.679516 0.184307 0.080162 0.084701
9 0.427029 0.250192 0.007476 0.015841
8 0.682472 0.118460 0.017996 0.083851
8 0.278310 0.268640 0.005563 0.017541
8 0.662859 0.197513 0.030908 0.038794
8 0.418979 0.250038 0.005085 0.017460
8 0.435238 0.261130 0.005085 0.012441
8 0.433564 0.261980 0.003650 0.014141
9 0.460104 0.259005 0.014968 0.009890
9 0.478594 0.272182 0.006041 0.012441
9 0.479790 0.283234 0.005563 0.010740
2 0.516372 0.299669 0.010823 0.017541
2 0.469987 0.305195 0.029951 0.025192
2 0.456358 0.301795 0.012258 0.014991
2 0.452294 0.297969 0.011780 0.017541
8 0.414835 0.250362 0.005085 0.017541
8 0.351235 0.268215 0.004129 0.012441
