8 0.504453 0.211406 0.012646 0.048264
8 0.514341 0.207890 0.011328 0.050608
8 0.429966 0.271172 0.013965 0.050608
8 0.654087 0.030703 0.027148 0.062795
8 0.683091 0.022734 0.027148 0.045920
8 0.823496 0.299297 0.012646 0.031858
8 0.522251 0.212578 0.011328 0.050608
8 0.484019 0.212578 0.013965 0.059983
9 0.434580 0.191484 0.028467 0.055295
9 0.439195 0.296953 0.032422 0.083420
9 0.442491 0.350859 0.023193 0.031858
9 0.725938 0.369609 0.012646 0.027170
9 0.717368 0.349687 0.013965 0.020139
9 0.723301 0.314531 0.015283 0.038889
9 0.800425 0.367265 0.011328 0.027170
8 0.995403 0.298125 0.008413 0.034201
8 0.972471 0.357890 0.010010 0.022483
2 0.775376 0.423515 0.024512 0.022483
2 0.759556 0.427031 0.027148 0.038889
2 0.735166 0.425859 0.025830 0.036545
2 0.797129 0.439103 0.046924 0.044282
2 0.916440 0.410625 0.016602 0.024826
2 0.888755 0.414140 0.042969 0.031858
2 0.927646 0.417656 0.023193 0.029514
2 0.954673 0.414140 0.016602 0.027170
2 0.974448 0.410625 0.027148 0.034201
2 0.992766 0.415312 0.013687 0.052951
2 0.995403 0.459843 0.008413 0.123264
3 0.479405 0.408378 0.207764 0.278145
2 0.609263 0.471562 0.166894 0.146701
