8 0.664562 0.356349 0.011184 0.022727
8 0.582143 0.325764 0.012784 0.026995
8 0.644957 0.451660 0.011984 0.025572
8 0.481720 0.424631 0.008783 0.014192
8 0.237663 0.385511 0.010383 0.024150
8 0.379288 0.361328 0.015185 0.024150
8 0.570132 0.343546 0.012784 0.022727
8 0.768677 0.321395 0.013584 0.039798
9 0.371886 0.408983 0.019185 0.018459
9 0.529522 0.433878 0.009583 0.019882
9 0.750373 0.346391 0.031188 0.058291
2 0.487633 0.463040 0.018385 0.022727
2 0.471629 0.465885 0.015185 0.025572
2 0.454025 0.465174 0.035989 0.066826
2 0.496435 0.474421 0.019986 0.028417
2 0.514039 0.488646 0.035989 0.048333
2 0.229973 0.475132 0.072798 0.063981
2 0.065535 0.465032 0.131211 0.112633
6 0.855783 0.524312 0.146415 0.251758
2 0.764962 0.517910 0.025587 0.028417
2 0.686967 0.695627 0.401674 0.433844
2 0.962120 0.782403 0.074978 0.265983
0 0.365826 0.486987 0.019185 0.089587
0 0.399834 0.470627 0.011984 0.045488
7 0.361025 0.553846 0.083200 0.120883
