2 0.810572 0.473113 0.024774 0.037663
2 0.790178 0.473104 0.012778 0.029114
2 0.779381 0.475237 0.029573 0.054706
2 0.760187 0.483767 0.031972 0.058972
2 0.748790 0.493365 0.028373 0.056839
2 0.734994 0.497630 0.036771 0.061104
2 0.696606 0.497630 0.075159 0.099493
2 0.665415 0.514692 0.065562 0.108024
2 0.599434 0.518957 0.125544 0.176270
2 0.486120 0.564290 0.251403 0.226403
2 0.148562 0.643720 0.297906 0.464185
2 0.831566 0.461374 0.013977 0.018450
2 0.846561 0.466706 0.012778 0.024849
3 0.883150 0.460308 0.069161 0.122953
2 0.895746 0.496564 0.027173 0.063237
2 0.927537 0.504028 0.061963 0.099493
2 0.928137 0.527488 0.051166 0.099493
2 0.961127 0.533886 0.061963 0.116555
2 0.976874 0.554147 0.045471 0.186934
