9 0.936035 0.164766 0.042969 0.116233
9 0.932739 0.273984 0.046924 0.114358
9 0.750146 0.467109 0.045605 0.078733
8 0.440332 0.407812 0.008691 0.034201
8 0.446924 0.411328 0.008691 0.031858
8 0.317065 0.479297 0.017920 0.022483
9 0.937353 0.373828 0.029785 0.092795
9 0.936694 0.430078 0.025830 0.022483
9 0.290698 0.467578 0.017920 0.041233
8 0.593261 0.446484 0.011328 0.027170
8 0.656543 0.479297 0.006055 0.022483
2 0.601831 0.539062 0.010010 0.024826
2 0.608422 0.553125 0.010010 0.029514
2 0.616333 0.555468 0.010010 0.029514
2 0.624243 0.550781 0.015283 0.043576
2 0.637426 0.567187 0.023193 0.048264
2 0.653906 0.570703 0.021875 0.069358
2 0.665771 0.591796 0.035059 0.097483
3 0.564257 0.516797 0.050879 0.090451
2 0.777560 0.635156 0.171625 0.188889
2 0.910195 0.739683 0.177441 0.328568
2 0.537890 0.570703 0.037695 0.099826
2 0.508227 0.591796 0.075928 0.160764
2 0.423110 0.635156 0.196065 0.284982
2 0.184570 0.492363 0.369922 0.570568
2 0.562939 0.556640 0.045605 0.074045
2 0.713269 0.598147 0.085752 0.145643
