3 0.111108 0.208066 0.219097 0.269651
9 0.396653 0.091478 0.011078 0.039524
9 0.419821 0.147918 0.009362 0.024270
9 0.575557 0.160122 0.013652 0.018169
2 0.915345 0.280770 0.166385 0.316873
2 0.837844 0.238681 0.172697 0.178338
2 0.593471 0.270395 0.135706 0.185079
2 0.485891 0.202071 0.026523 0.031897
2 0.691823 0.203596 0.017942 0.022745
2 0.507771 0.202071 0.017084 0.022745
2 0.537374 0.200546 0.021374 0.025796
2 0.520642 0.197495 0.017084 0.028847
2 0.659217 0.199020 0.021374 0.028847
2 0.685817 0.197495 0.016226 0.022745
2 0.677236 0.195969 0.009362 0.013592
