9 0.336211 0.410719 0.013454 0.039515
9 0.689969 0.424583 0.016378 0.046447
9 0.172444 0.334467 0.031000 0.094970
9 0.173906 0.391656 0.024177 0.029117
8 0.870406 0.445379 0.019303 0.049913
8 0.628166 0.427182 0.012479 0.041248
8 0.645225 0.408986 0.021252 0.056845
8 0.850812 0.446245 0.020277 0.051646
2 0.227663 0.530744 0.234197 0.237972
2 0.778489 0.568342 0.135803 0.097161
9 0.619003 0.483963 0.018328 0.029408
9 0.683828 0.518165 0.007605 0.036049
9 0.330460 0.411586 0.016378 0.030850
2 0.070018 0.486934 0.140818 0.335068
