2 0.876445 0.628113 0.246329 0.504953
2 0.546867 0.553800 0.088514 0.124649
2 0.321733 0.524230 0.068925 0.082839
2 0.351906 0.498702 0.061219 0.092305
2 0.388948 0.506034 0.020277 0.049913
2 0.397722 0.500835 0.012479 0.025651
2 0.406495 0.481772 0.016378 0.022185
2 0.414781 0.470507 0.011504 0.020452
2 0.430865 0.461842 0.010529 0.013520
2 0.428915 0.485238 0.012479 0.018719
2 0.443050 0.473107 0.007605 0.015253
2 0.446949 0.480905 0.009555 0.016986
2 0.451823 0.493036 0.013454 0.023918
2 0.469370 0.509500 0.025151 0.056845
2 0.483992 0.519898 0.034900 0.074175
2 0.508850 0.530295 0.043673 0.098436
9 0.477168 0.473973 0.009555 0.013520
9 0.315838 0.425449 0.026126 0.044714
9 0.594633 0.406387 0.037824 0.072442
