2 0.070558 0.773408 0.141897 0.250875
2 0.883195 0.824221 0.232829 0.348838
2 0.196471 0.709651 0.097457 0.103956
2 0.334468 0.673614 0.021052 0.031882
2 0.231945 0.689553 0.062373 0.097025
2 0.265859 0.684009 0.027289 0.080393
2 0.286130 0.682623 0.014815 0.047128
2 0.293147 0.679158 0.019493 0.059602
2 0.309519 0.676386 0.010137 0.037426
2 0.716811 0.744503 0.321069 0.351073
2 0.547701 0.708265 0.135660 0.206522
2 0.477533 0.693018 0.071729 0.151081
2 0.437771 0.690939 0.034306 0.099797
2 0.423348 0.681237 0.039764 0.097025
2 0.401128 0.685395 0.026510 0.060988
2 0.395670 0.678465 0.042102 0.060988
2 0.373060 0.672228 0.029628 0.042970
2 0.363705 0.670149 0.020272 0.044356
8 0.358637 0.606391 0.007018 0.016635
9 0.119676 0.537782 0.014035 0.023565
