2 0.109575 0.593652 0.217483 0.363783
2 0.468144 0.497884 0.014555 0.024243
2 0.475948 0.504414 0.017309 0.030772
2 0.498445 0.515840 0.034756 0.047096
2 0.533797 0.531348 0.044856 0.074847
2 0.564558 0.546856 0.067812 0.102598
2 0.429119 0.481560 0.011800 0.011183
2 0.428201 0.494619 0.013636 0.017713
2 0.421314 0.501965 0.016391 0.029140
2 0.402031 0.506046 0.032919 0.040567
2 0.367598 0.517473 0.046693 0.063420
2 0.446565 0.480744 0.009964 0.009551
2 0.447483 0.499516 0.015473 0.020978
2 0.313805 0.529716 0.082657 0.114025
2 0.641842 0.574607 0.156880 0.200542
