8 0.319652 0.492122 0.009391 0.033532
9 0.497688 0.494670 0.024027 0.058022
9 0.958833 0.005469 0.071381 0.010573
9 0.956250 0.104959 0.083434 0.178940
9 0.963138 0.286336 0.067937 0.155981
0 0.830023 0.620945 0.056744 0.111593
0 0.859296 0.593394 0.018862 0.028940
0 0.812803 0.593394 0.017140 0.047307
2 0.194197 0.691353 0.040386 0.145267
4 0.631619 0.669160 0.346792 0.419246
0 0.174825 0.712782 0.027471 0.188124
2 0.864117 0.738347 0.270986 0.521917
2 0.343144 0.789313 0.334838 0.414654
3 0.092223 0.496932 0.185228 0.995252
