2 0.873622 0.638077 0.189909 0.181108
2 0.720691 0.596038 0.086748 0.090540
2 0.624694 0.596924 0.138329 0.139713
2 0.425537 0.560378 0.038034 0.044691
2 0.470670 0.559104 0.025139 0.031955
2 0.452043 0.560378 0.019407 0.039596
2 0.237842 0.588397 0.060958 0.126200
2 0.288706 0.583302 0.070988 0.110917
2 0.122503 0.593513 0.245787 0.270238
2 0.491302 0.562925 0.016542 0.016672
2 0.536434 0.564199 0.012244 0.014125
3 0.519241 0.559104 0.025425 0.049785
8 0.302317 0.486510 0.017975 0.031955
8 0.731150 0.503066 0.016542 0.034502
8 0.429405 0.411368 0.010811 0.029408
8 0.586295 0.436840 0.012244 0.024313
8 0.384989 0.448302 0.010811 0.021766
9 0.658937 0.439387 0.022273 0.034502
9 0.716249 0.424104 0.022273 0.014125
9 0.659654 0.495425 0.017975 0.014125
9 0.317505 0.378255 0.029437 0.044691
2 0.545318 0.560378 0.012244 0.021766
2 0.503337 0.560378 0.007945 0.021766
9 0.725808 0.448484 0.017975 0.014125
