8 0.471160 0.193452 0.012482 0.022190
8 0.371119 0.201772 0.011312 0.022190
9 0.572372 0.191371 0.013652 0.030511
9 0.512113 0.203852 0.012482 0.018030
2 0.498657 0.235054 0.039394 0.030511
2 0.470575 0.231934 0.023013 0.040911
2 0.398031 0.248575 0.015992 0.020110
2 0.388670 0.270416 0.030033 0.047152
2 0.362344 0.271456 0.031203 0.057552
2 0.165187 0.298498 0.041734 0.057552
2 0.113119 0.309939 0.059285 0.072113
2 0.044274 0.312975 0.089329 0.083212
2 0.212208 0.303698 0.084292 0.092914
2 0.313182 0.312019 0.122506 0.146998
2 0.489882 0.296881 0.078006 0.106548
3 0.436643 0.235054 0.065135 0.126196
0 0.603378 0.244415 0.017162 0.065873
0 0.625610 0.242335 0.026523 0.094995
9 0.133595 0.184091 0.030033 0.020110
