0 0.171079 0.404654 0.042698 0.145227
0 0.884638 0.519898 0.075841 0.334123
0 0.989430 0.576220 0.018328 0.318526
2 0.443050 0.461842 0.015403 0.041248
2 0.428428 0.457510 0.019303 0.049913
2 0.413806 0.454044 0.013454 0.049913
2 0.401133 0.445379 0.021252 0.063777
2 0.375301 0.435847 0.061219 0.089771
2 0.310580 0.431515 0.110727 0.112300
2 0.474595 0.459013 0.039501 0.053839
2 0.501539 0.471374 0.015403 0.029117
2 0.515186 0.467908 0.009555 0.029117
2 0.525421 0.471374 0.012479 0.032583
2 0.539556 0.467041 0.021252 0.048180
2 0.550766 0.463575 0.031975 0.065510
2 0.578548 0.462709 0.044648 0.084572
2 0.642886 0.463575 0.114834 0.166023
2 0.749222 0.505413 0.212150 0.231385
9 0.672600 0.323327 0.019303 0.025651
9 0.789577 0.365785 0.013454 0.027384
