8 0.299774 0.480710 0.010917 0.046231
9 0.352010 0.581743 0.015769 0.024481
8 0.242600 0.571974 0.012771 0.019152
8 0.445433 0.601283 0.008775 0.017376
8 0.964007 0.335724 0.020765 0.100863
0 0.541854 0.669671 0.023762 0.097310
0 0.443435 0.662566 0.010773 0.036915
0 0.429946 0.658125 0.011772 0.042244
2 0.206130 0.633257 0.043746 0.052902
2 0.409463 0.652796 0.014770 0.024481
2 0.392977 0.653684 0.015769 0.022705
2 0.372493 0.659013 0.024762 0.040468
2 0.461920 0.659901 0.029757 0.035139
2 0.488898 0.665230 0.023762 0.031586
3 0.911375 0.684824 0.176468 0.166478
8 0.310689 0.476104 0.012476 0.047128
