2 0.336052 0.391789 0.017140 0.021287
2 0.357576 0.395512 0.017140 0.022610
2 0.322277 0.393320 0.015418 0.018226
2 0.299461 0.393320 0.026610 0.024348
2 0.267188 0.394133 0.024888 0.024348
2 0.238776 0.391072 0.035220 0.027409
2 0.200032 0.398725 0.031776 0.024348
2 0.159997 0.391072 0.027471 0.033532
2 0.132446 0.394898 0.034359 0.032001
2 0.102312 0.396429 0.036081 0.041185
2 0.066850 0.393580 0.038126 0.038096
2 0.022672 0.403173 0.045552 0.049125
2 0.569593 0.398287 0.018001 0.027409
2 0.433990 0.402879 0.018862 0.030471
2 0.452727 0.408419 0.015418 0.036593
2 0.506283 0.467855 0.140502 0.208870
2 0.760745 0.457990 0.201968 0.221285
9 0.974331 0.303938 0.021445 0.032001
9 0.975214 0.141696 0.045507 0.080987
