2 0.524984 0.692880 0.225435 0.363728
2 0.704663 0.611622 0.084003 0.113586
2 0.822181 0.614411 0.085026 0.102783
2 0.770698 0.601156 0.054604 0.063793
2 0.619174 0.566834 0.015992 0.032591
2 0.634385 0.576195 0.027693 0.047152
2 0.653691 0.584515 0.040564 0.055472
2 0.597498 0.522557 0.012543 0.023082
4 0.616408 0.533651 0.016723 0.038336
9 0.764202 0.507402 0.037053 0.065873
9 0.861318 0.503242 0.037053 0.045072
9 0.964869 0.523003 0.019502 0.059632
3 0.080881 0.339952 0.158741 0.159478
9 0.434827 0.461639 0.024183 0.070033
9 0.236500 0.305630 0.023013 0.057552
9 0.812760 0.543804 0.024183 0.026350
2 0.237731 0.424345 0.041734 0.026350
