9 0.352842 0.501562 0.070654 0.024826
9 0.279673 0.539062 0.016602 0.024826
2 0.273741 0.566015 0.017920 0.022483
2 0.085215 0.562846 0.046924 0.056946
2 0.019957 0.551953 0.040332 0.106858
2 0.410850 0.582421 0.025830 0.059983
2 0.428648 0.571875 0.011328 0.034201
4 0.516978 0.560156 0.090430 0.127951
4 0.593443 0.570703 0.064062 0.097483
2 0.623106 0.602556 0.070654 0.076814
2 0.457652 0.598828 0.066699 0.092795
2 0.351524 0.598828 0.110205 0.181858
2 0.869459 0.644147 0.260301 0.222470
2 0.970962 0.779850 0.057295 0.107965
