2 0.244515 0.344388 0.032637 0.038124
2 0.164901 0.344388 0.049047 0.047307
2 0.674946 0.361225 0.043830 0.056491
2 0.742095 0.356633 0.040371 0.108532
2 0.608275 0.342857 0.009391 0.019756
2 0.600096 0.350510 0.017140 0.035062
2 0.632382 0.356633 0.050717 0.080981
2 0.544563 0.382653 0.121317 0.188124
2 0.296174 0.360459 0.077408 0.073328
2 0.868929 0.401080 0.258592 0.803430
9 0.240054 0.141534 0.140258 0.062613
9 0.249955 0.099442 0.067076 0.033532
9 0.587025 0.277758 0.033498 0.025879
9 0.522022 0.278524 0.015418 0.033532
