9 0.613994 0.356221 0.013652 0.023230
9 0.283449 0.390023 0.006632 0.009709
9 0.281694 0.397824 0.013652 0.008669
9 0.280524 0.406144 0.018332 0.008669
9 0.292517 0.422265 0.010727 0.011790
8 0.392266 0.345300 0.011312 0.030511
8 0.537062 0.349981 0.009557 0.023230
8 0.572749 0.411344 0.007217 0.016990
9 0.392851 0.456067 0.008972 0.021150
2 0.266282 0.476348 0.055007 0.067953
2 0.587375 0.452427 0.022428 0.028430
2 0.562218 0.450867 0.010727 0.019070
2 0.549933 0.457107 0.014237 0.021150
2 0.520973 0.468497 0.053434 0.081575
2 0.333177 0.501792 0.121298 0.133552
2 0.078980 0.517431 0.158156 0.141797
2 0.641198 0.452947 0.013067 0.016990
2 0.634470 0.450867 0.010142 0.014910
2 0.408075 0.455588 0.016577 0.026350
2 0.436157 0.449347 0.041149 0.038831
