9 0.541365 0.465948 0.026523 0.042991
9 0.500412 0.414985 0.014822 0.020110
9 0.534929 0.416025 0.018332 0.018030
9 0.572372 0.418105 0.011312 0.013870
2 0.532004 0.491949 0.019502 0.028431
2 0.512113 0.496110 0.019502 0.024270
2 0.493977 0.501310 0.034713 0.018030
2 0.455950 0.506510 0.042904 0.049232
2 0.416752 0.501310 0.032373 0.047152
2 0.390426 0.510671 0.017162 0.028431
2 0.337187 0.504430 0.027693 0.053392
2 0.553650 0.496110 0.025353 0.053392
2 0.269216 0.515871 0.067260 0.072113
2 0.363514 0.518991 0.052264 0.065873
2 0.488711 0.517951 0.038223 0.047152
2 0.595188 0.528352 0.092047 0.126196
2 0.117403 0.665640 0.235588 0.442375
8 0.475841 0.471148 0.010142 0.015950
8 0.460045 0.472188 0.011312 0.013870
