9 0.190368 0.168883 0.049728 0.118240
9 0.699415 0.370264 0.016165 0.033709
9 0.700814 0.436148 0.018961 0.011334
9 0.701513 0.453552 0.009172 0.021278
9 0.768640 0.410043 0.023157 0.018792
9 0.633687 0.406314 0.052525 0.051113
9 0.405035 0.441121 0.014766 0.036196
2 0.396644 0.494574 0.014766 0.018792
2 0.377065 0.492088 0.014766 0.028737
2 0.360284 0.490844 0.023157 0.041168
2 0.332314 0.498303 0.028751 0.031223
3 0.265187 0.463496 0.067908 0.140615
2 0.200158 0.510734 0.074901 0.071002
2 0.177083 0.485872 0.053924 0.061057
2 0.102264 0.530623 0.128043 0.105809
2 0.034438 0.520679 0.067908 0.120726
9 0.040731 0.415016 0.021758 0.018792
2 0.437899 0.502032 0.030149 0.048626
2 0.586138 0.530317 0.074901 0.126312
2 0.659558 0.543054 0.065111 0.075975
2 0.801504 0.521922 0.091682 0.063544
2 0.719693 0.557972 0.104269 0.105809
2 0.496635 0.521267 0.102870 0.184191
2 0.966442 0.630289 0.066336 0.197798
