4 0.137242 0.378306 0.271440 0.482560
2 0.472936 0.516409 0.068685 0.104341
2 0.520756 0.522828 0.034255 0.064298
2 0.583877 0.518577 0.022778 0.035394
4 0.600614 0.508376 0.027560 0.038794
2 0.552316 0.509226 0.011302 0.016691
8 0.537492 0.288193 0.016084 0.067699
8 0.679995 0.425063 0.010345 0.038794
9 0.765114 0.422513 0.016084 0.020092
9 0.794284 0.438665 0.032342 0.018391
8 0.562359 0.445466 0.006520 0.021792
9 0.554229 0.448867 0.011302 0.011590
9 0.663736 0.401260 0.014171 0.072800
9 0.673778 0.466719 0.028517 0.020092
9 0.416509 0.452267 0.011302 0.028593
0 0.883078 0.556333 0.024698 0.103468
