8 0.263100 0.050666 0.029955 0.102721
8 0.092777 0.025496 0.032529 0.052382
8 0.130531 0.022010 0.022233 0.034948
9 0.323592 0.140230 0.082296 0.048677
8 0.443290 0.288632 0.019658 0.079185
8 0.450155 0.387784 0.019658 0.033423
8 0.641929 0.247445 0.035961 0.100541
8 0.693841 0.264988 0.023091 0.074609
8 0.659090 0.367954 0.017084 0.048677
9 0.678029 0.081937 0.029955 0.071558
9 0.678458 0.133801 0.044542 0.083762
9 0.457939 0.351937 0.039394 0.028847
9 0.406456 0.378632 0.029097 0.070033
0 0.656087 0.525835 0.050548 0.156982
2 0.932563 0.497833 0.132063 0.295796
1 0.039738 0.470375 0.080258 0.289694
6 0.040007 0.542070 0.079722 0.256135
2 0.317264 0.504152 0.008504 0.013592
2 0.335444 0.505188 0.008825 0.015663
2 0.320589 0.508511 0.007646 0.015118
9 0.427953 0.443898 0.014510 0.021219
