8 0.556529 0.270000 0.011328 0.057639
8 0.489292 0.424687 0.008691 0.029514
8 0.422056 0.425859 0.008691 0.031858
8 0.013365 0.009609 0.021875 0.020608
8 0.071373 0.408281 0.013965 0.038889
8 0.682432 0.421172 0.012646 0.027170
9 0.071373 0.308672 0.021875 0.027170
9 0.665293 0.295781 0.017920 0.038889
2 0.535435 0.495000 0.021875 0.048264
2 0.555210 0.498515 0.037695 0.064670
1 0.578281 0.493828 0.023193 0.059983
7 0.578941 0.530156 0.024512 0.076389
2 0.449082 0.483281 0.028467 0.038889
2 0.503135 0.486797 0.041650 0.074045
2 0.027776 0.533672 0.056334 0.120920
2 0.935417 0.603984 0.128384 0.303732
8 0.671226 0.420000 0.011328 0.034201
8 0.389041 0.463470 0.008828 0.015694
0 0.161229 0.483139 0.017880 0.072912
0 0.337243 0.485821 0.011845 0.046091
0 0.674184 0.506384 0.021903 0.097945
2 0.895962 0.545722 0.091303 0.126554
8 0.469002 0.455424 0.005810 0.021058
