9 0.513019 0.556146 0.034840 0.028299
0 0.491071 0.614451 0.012134 0.014844
0 0.478456 0.613330 0.012134 0.012602
0 0.463950 0.612209 0.010873 0.010359
0 0.452597 0.612209 0.010873 0.010359
0 0.421693 0.613330 0.012134 0.017087
2 0.521807 0.627159 0.036101 0.064180
2 0.588662 0.629028 0.023487 0.051472
4 0.566798 0.592026 0.045351 0.023814
2 0.604220 0.612209 0.028532 0.059694
2 0.135603 0.615199 0.072682 0.059694
2 0.213180 0.609593 0.036101 0.030542
2 0.273728 0.617628 0.056284 0.037643
2 0.330492 0.612956 0.041147 0.032784
2 0.405546 0.615199 0.024748 0.023814
2 0.717958 0.646594 0.072682 0.073150
2 0.637227 0.633139 0.032317 0.037269
2 0.552081 0.665656 0.094126 0.133698
9 0.702821 0.588289 0.017180 0.028299
2 0.435820 0.615573 0.017180 0.019329
