8 0.554235 0.158089 0.014822 0.067953
8 0.887120 0.220493 0.013652 0.059632
8 0.272249 0.399384 0.017162 0.034671
8 0.252942 0.364022 0.023013 0.038831
8 0.572957 0.157049 0.012482 0.065873
8 0.874250 0.220493 0.013652 0.042991
8 0.901161 0.223613 0.015992 0.049232
8 0.229541 0.360902 0.020672 0.028431
8 0.547215 0.166410 0.010142 0.059632
9 0.248847 0.265216 0.031203 0.082514
2 0.280439 0.459708 0.082686 0.047152
2 0.191291 0.527568 0.220630 0.155882
2 0.692596 0.481549 0.038808 0.061713
2 0.744372 0.498190 0.083856 0.103315
2 0.381065 0.470108 0.108428 0.092914
2 0.597998 0.523378 0.194074 0.270238
2 0.041934 0.521071 0.084648 0.203161
2 0.890046 0.513791 0.218414 0.346690
