9 0.589759 0.398588 0.014429 0.015253
9 0.582935 0.411586 0.012479 0.010054
8 0.541506 0.412452 0.005655 0.015253
2 0.358242 0.484371 0.114834 0.120965
2 0.410394 0.473973 0.037824 0.100169
2 0.437201 0.475706 0.031000 0.082840
2 0.449874 0.468774 0.021252 0.065510
2 0.467420 0.464442 0.027101 0.049913
2 0.479118 0.460976 0.013454 0.029117
2 0.488866 0.460109 0.009555 0.023918
2 0.498127 0.454910 0.014429 0.013520
2 0.926555 0.558828 0.140179 0.304539
2 0.804704 0.538950 0.200617 0.212793
2 0.639474 0.477439 0.080715 0.103635
2 0.595608 0.474840 0.012479 0.067243
2 0.584397 0.481772 0.011504 0.056845
2 0.574649 0.476573 0.009555 0.036049
2 0.569288 0.467041 0.035874 0.055112
2 0.546867 0.458376 0.006630 0.034316
2 0.539556 0.463575 0.011504 0.023918
2 0.516161 0.448845 0.011504 0.011787
