9 0.321946 0.456233 0.020765 0.035045
9 0.354025 0.360873 0.059680 0.079921
9 0.420812 0.358068 0.060732 0.078051
9 0.396621 0.451558 0.020765 0.018217
9 0.396095 0.468387 0.019713 0.014478
9 0.370853 0.467452 0.011299 0.016347
9 0.381371 0.436600 0.013402 0.010738
9 0.468667 0.430991 0.013402 0.033176
9 0.456887 0.454176 0.020134 0.023453
9 0.820528 0.171889 0.160650 0.253813
9 0.824735 0.315864 0.034438 0.048134
9 0.746379 0.332692 0.029179 0.051874
9 0.740969 0.321607 0.076508 0.059353
2 0.696940 0.412292 0.027075 0.025696
2 0.627529 0.400673 0.020765 0.023827
2 0.558112 0.403478 0.020765 0.029436
2 0.387155 0.404252 0.014454 0.012608
2 0.342981 0.411731 0.014454 0.016347
2 0.364542 0.407057 0.009195 0.010738
2 0.022087 0.458103 0.044955 0.031306
2 0.059951 0.453428 0.021817 0.018217
2 0.104125 0.447819 0.017610 0.018217
2 0.081512 0.449689 0.022868 0.018217
2 0.122005 0.447819 0.017610 0.018217
2 0.142514 0.448754 0.024972 0.016347
2 0.165127 0.447819 0.021817 0.014478
2 0.186689 0.445949 0.020765 0.021957
2 0.206672 0.445014 0.018661 0.016347
2 0.221502 0.443033 0.012560 0.016569
2 0.011044 0.408553 0.022868 0.029436
2 0.044700 0.405748 0.027075 0.023827
2 0.083090 0.405748 0.019713 0.020087
2 0.100444 0.405748 0.016558 0.016347
2 0.129893 0.403878 0.041800 0.023827
2 0.174593 0.402009 0.030231 0.031306
2 0.226656 0.396399 0.020765 0.020087
2 0.258735 0.389855 0.019713 0.014478
2 0.195103 0.398269 0.010247 0.023827
2 0.292076 0.390790 0.041800 0.027566
2 0.662928 0.402009 0.033386 0.027566
2 0.232655 0.441058 0.012712 0.015113
9 0.476329 0.455032 0.011309 0.017609
9 0.691438 0.382042 0.010607 0.013866
2 0.429447 0.445924 0.030960 0.046306
