8 0.321063 0.292767 0.009828 0.036265
8 0.585818 0.269892 0.011772 0.047357
8 0.651764 0.436086 0.015769 0.031586
8 0.415958 0.454195 0.011772 0.032280
8 0.812631 0.412993 0.037751 0.038692
9 0.139685 0.338388 0.030757 0.017376
9 0.039767 0.255789 0.026760 0.022705
9 0.049259 0.281546 0.035752 0.024481
9 0.779658 0.393454 0.017767 0.035139
9 0.643770 0.338388 0.029757 0.020928
8 0.637775 0.308191 0.013771 0.045797
9 0.774662 0.335724 0.019766 0.022705
9 0.776161 0.317072 0.016768 0.028034
8 0.519911 0.436671 0.009852 0.029204
2 0.477227 0.463618 0.111051 0.061784
2 0.265655 0.562976 0.142517 0.232542
2 0.368497 0.496480 0.038750 0.052902
2 0.132324 0.589186 0.265429 0.664630
2 0.514651 0.695428 0.421886 0.429481
7 0.968124 0.698092 0.062971 0.147047
8 0.567338 0.272946 0.010529 0.058578
