9 0.524353 0.277158 0.070071 0.039675
9 0.182119 0.393681 0.024190 0.049663
8 0.452254 0.206412 0.017635 0.074632
8 0.422759 0.442787 0.012954 0.014706
8 0.386710 0.437793 0.013890 0.011377
8 0.324443 0.431967 0.011081 0.013041
8 0.308525 0.442787 0.012954 0.011377
8 0.221914 0.436128 0.010145 0.014706
8 0.199441 0.440290 0.010145 0.013041
8 0.146538 0.416153 0.012954 0.014706
8 0.114702 0.247195 0.024190 0.069638
8 0.474258 0.210573 0.016699 0.072967
8 0.573979 0.451942 0.013890 0.033017
8 0.590833 0.331258 0.008272 0.047998
2 0.322571 0.491061 0.020444 0.021364
2 0.290267 0.483570 0.034490 0.026358
2 0.254686 0.475247 0.023254 0.039675
2 0.225659 0.476911 0.047598 0.043004
2 0.136706 0.461097 0.049471 0.057986
2 0.368920 0.493557 0.013890 0.019700
2 0.397010 0.538502 0.073816 0.106259
2 0.064929 0.488418 0.105983 0.109298
4 0.909190 0.569404 0.180559 0.262932
