9 0.437726 0.376708 0.038645 0.050004
9 0.482426 0.378577 0.048111 0.046264
9 0.530807 0.377643 0.050214 0.048134
9 0.619682 0.454305 0.040748 0.044394
2 0.214034 0.534765 0.153287 0.128536
2 0.525883 0.497807 0.040748 0.056607
2 0.479175 0.489889 0.031474 0.035045
2 0.454459 0.488955 0.019904 0.029436
2 0.439638 0.480540 0.009195 0.016347
2 0.419655 0.479605 0.013402 0.010738
2 0.406508 0.477736 0.012351 0.014478
2 0.395990 0.478671 0.012351 0.016347
2 0.378636 0.480540 0.011299 0.012608
2 0.385998 0.481475 0.009195 0.014478
2 0.366541 0.484280 0.014454 0.008868
2 0.356549 0.484280 0.011299 0.012608
2 0.326048 0.491759 0.015506 0.008868
2 0.338143 0.485215 0.014454 0.018217
2 0.311323 0.484280 0.013402 0.020087
2 0.287658 0.483345 0.014454 0.014478
2 0.293969 0.491759 0.016558 0.016347
2 0.267149 0.491759 0.021817 0.023827
2 0.497486 0.482410 0.019713 0.031306
2 0.475924 0.474931 0.033386 0.016347
2 0.456467 0.461842 0.015506 0.008868
4 0.530090 0.460907 0.036541 0.044394
4 0.466458 0.430056 0.014454 0.008868
