8 0.282729 0.298223 0.010378 0.041910
8 0.417089 0.221445 0.010378 0.041910
8 0.369703 0.279028 0.006779 0.029114
9 0.416489 0.190521 0.011578 0.014185
2 0.424886 0.376066 0.018776 0.044043
2 0.461475 0.411401 0.065562 0.084273
2 0.189777 0.406092 0.138699 0.175934
4 0.069450 0.298059 0.139680 0.114749
2 0.760277 0.434980 0.199741 0.242476
2 0.341083 0.470971 0.206253 0.319161
2 0.921690 0.524004 0.155838 0.263141
0 0.533942 0.387219 0.011078 0.059355
0 0.501336 0.387982 0.014510 0.063931
9 0.610308 0.209507 0.021374 0.042575
