8 0.540652 0.371801 0.010378 0.052574
8 0.517259 0.373933 0.011578 0.048308
8 0.529855 0.375000 0.015177 0.050441
8 0.443481 0.454976 0.010378 0.031247
9 0.517859 0.338744 0.010378 0.020583
9 0.537653 0.337677 0.009179 0.018450
9 0.527456 0.337677 0.007979 0.018450
8 0.477071 0.518957 0.005580 0.022716
8 0.396695 0.532820 0.007979 0.020583
2 0.457277 0.575474 0.013977 0.033379
2 0.481869 0.613862 0.039170 0.093095
2 0.442662 0.577606 0.026411 0.037645
3 0.525652 0.531872 0.078750 0.065133
2 0.539413 0.643720 0.135062 0.182668
4 0.223382 0.530687 0.352206 0.430062
4 0.809524 0.499661 0.380172 0.999289
