2 0.495739 0.515593 0.073716 0.127999
2 0.594415 0.520169 0.053122 0.076135
2 0.752725 0.546756 0.101173 0.094901
2 0.690945 0.533898 0.060845 0.076135
2 0.653620 0.526271 0.027381 0.066982
2 0.630882 0.521695 0.023091 0.054779
2 0.531777 0.516356 0.018800 0.062406
2 0.549367 0.504152 0.033387 0.047152
2 0.471070 0.470974 0.014510 0.018169
2 0.461202 0.467161 0.013652 0.019694
2 0.454338 0.464110 0.010220 0.016643
2 0.320267 0.486229 0.062561 0.033423
2 0.432243 0.472500 0.008504 0.021219
2 0.418514 0.479364 0.015368 0.025796
2 0.396634 0.485466 0.024807 0.031897
9 0.383120 0.391652 0.011936 0.030372
9 0.400281 0.409958 0.026523 0.015118
9 0.401139 0.460297 0.007646 0.015118
9 0.544433 0.428263 0.005930 0.015118
9 0.757873 0.332161 0.029955 0.066982
9 0.883149 0.329873 0.019658 0.037999
9 0.890871 0.368771 0.023091 0.039524
9 0.869849 0.361144 0.020516 0.021219
8 0.400066 0.435890 0.010220 0.021219
8 0.430956 0.413771 0.006788 0.016643
8 0.533064 0.431313 0.006788 0.018169
8 0.487158 0.445805 0.005930 0.013592
8 0.423019 0.398517 0.005930 0.013592
9 0.418300 0.402330 0.006788 0.018169
2 0.445972 0.459534 0.008504 0.016643
8 0.448975 0.442754 0.004213 0.013592
