9 0.768125 0.439453 0.025830 0.017795
9 0.993425 0.267187 0.012368 0.090451
9 0.219688 0.330469 0.052197 0.024826
9 0.254624 0.290625 0.019238 0.034201
7 0.802402 0.677343 0.036377 0.109201
1 0.801084 0.638671 0.039014 0.139670
8 0.259898 0.460547 0.008691 0.050608
8 0.770762 0.507422 0.015283 0.031858
8 0.757578 0.506250 0.010010 0.029514
8 0.980381 0.412500 0.036377 0.081076
8 0.620469 0.365625 0.012646 0.043576
8 0.609922 0.366797 0.010010 0.050608
8 0.600034 0.367660 0.008691 0.047647
8 0.498521 0.294140 0.016602 0.064670
8 0.480064 0.291797 0.013965 0.064670
8 0.467539 0.294140 0.010010 0.064670
8 0.453037 0.516797 0.012646 0.017795
2 0.704844 0.571875 0.012646 0.029514
2 0.659361 0.569531 0.016602 0.020139
2 0.636948 0.570703 0.024512 0.027170
3 0.611240 0.553125 0.017920 0.020139
2 0.614536 0.569531 0.016602 0.034201
2 0.593443 0.567187 0.024512 0.038889
2 0.561143 0.594140 0.057471 0.083420
2 0.653911 0.771821 0.256190 0.384307
2 0.980901 0.618750 0.037417 0.090451
8 0.220347 0.453515 0.027148 0.050608
3 0.037095 0.614062 0.074609 0.118576
