9 0.207776 0.331956 0.046780 0.108114
2 0.034694 0.570758 0.070170 0.043548
2 0.183996 0.568275 0.070949 0.031882
2 0.143212 0.575898 0.016860 0.013863
2 0.288559 0.568506 0.079622 0.048976
2 0.403341 0.553953 0.047032 0.036502
2 0.349281 0.531545 0.011696 0.022179
2 0.373060 0.536396 0.014035 0.020793
2 0.464591 0.542356 0.020272 0.035485
2 0.553938 0.582135 0.023391 0.031882
2 0.433093 0.524615 0.014035 0.016635
2 0.413602 0.525308 0.007798 0.012477
2 0.447049 0.525446 0.011696 0.013863
2 0.363510 0.526001 0.010137 0.018021
2 0.384170 0.528080 0.010917 0.013863
2 0.398204 0.524860 0.012476 0.020303
2 0.568946 0.584907 0.010917 0.022179
2 0.535032 0.572433 0.005459 0.019407
2 0.121430 0.573126 0.014035 0.012477
2 0.103888 0.573819 0.010137 0.011091
2 0.290749 0.538065 0.022104 0.017201
4 0.673646 0.535094 0.046700 0.026555
2 0.627615 0.543188 0.011696 0.013863
2 0.875542 0.520457 0.053797 0.036040
2 0.645888 0.540213 0.015177 0.029114
2 0.637491 0.537014 0.010378 0.026981
3 0.976722 0.570497 0.045168 0.178403
