8 0.588815 0.442303 0.007775 0.026257
8 0.709716 0.436086 0.007775 0.028034
8 0.699724 0.436974 0.007775 0.029810
8 0.826120 0.526678 0.012771 0.020928
9 0.480904 0.476053 0.015769 0.019152
9 0.320037 0.241579 0.071723 0.125731
9 0.826620 0.477829 0.023762 0.015599
9 0.812631 0.496480 0.021764 0.013823
9 0.313542 0.329507 0.026760 0.049349
9 0.758176 0.496480 0.024762 0.038692
9 0.757177 0.523125 0.016768 0.013823
2 0.619290 0.541776 0.008775 0.022705
2 0.615294 0.547105 0.010773 0.022705
2 0.632779 0.542664 0.009774 0.017376
2 0.651264 0.542664 0.012771 0.020928
2 0.659257 0.549770 0.012771 0.020928
2 0.669749 0.556875 0.013771 0.024481
2 0.711215 0.584408 0.038750 0.068889
2 0.594810 0.558651 0.027759 0.042244
0 0.610298 0.566645 0.012771 0.047573
0 0.193731 0.608388 0.054556 0.198560
2 0.683737 0.561316 0.025761 0.036915
2 0.743039 0.600005 0.066428 0.087431
2 0.516292 0.598618 0.092540 0.125731
2 0.864042 0.647574 0.174545 0.200103
2 0.353502 0.664082 0.242597 0.300330
