8 0.214124 0.022204 0.019766 0.045797
8 0.241102 0.028421 0.023762 0.058231
8 0.161667 0.252237 0.010773 0.044020
8 0.521870 0.331283 0.015769 0.028034
8 0.799142 0.172303 0.012771 0.054678
9 0.159169 0.281546 0.023762 0.017376
9 0.740690 0.282434 0.025761 0.061784
9 0.739691 0.417434 0.009774 0.022705
9 0.738692 0.441414 0.011772 0.024481
3 0.295180 0.345316 0.045852 0.073862
2 0.806636 0.432533 0.017767 0.052902
2 0.991484 0.424539 0.015769 0.036915
2 0.983572 0.424862 0.023925 0.037560
2 0.962008 0.427204 0.020765 0.038692
2 0.950518 0.429868 0.021764 0.036915
2 0.912049 0.420099 0.060732 0.063560
0 0.836611 0.412993 0.009774 0.020928
0 0.858094 0.428092 0.016768 0.054678
2 0.835113 0.424539 0.046743 0.058231
2 0.872082 0.416546 0.040748 0.074218
2 0.756004 0.426316 0.081062 0.072442
2 0.384249 0.400244 0.072253 0.117481
0 0.210627 0.374803 0.020765 0.075994
0 0.470413 0.403224 0.020765 0.075994
9 0.834113 0.295757 0.018766 0.045797
0 0.265816 0.357965 0.006244 0.049950
