2 0.555370 0.552180 0.007671 0.013637
2 0.546949 0.548097 0.007671 0.010915
2 0.546949 0.560345 0.010733 0.013637
2 0.539294 0.544695 0.006140 0.012276
2 0.532787 0.546056 0.006905 0.012276
2 0.536998 0.555582 0.009202 0.012276
2 0.525898 0.548778 0.006905 0.012276
2 0.527429 0.563748 0.009967 0.014998
2 0.515564 0.550819 0.012264 0.010915
2 0.520922 0.561026 0.007671 0.014998
2 0.508291 0.560345 0.005374 0.016359
2 0.501785 0.558984 0.012264 0.019080
2 0.514033 0.565789 0.012264 0.021802
2 0.505612 0.570552 0.013795 0.025885
2 0.189859 0.680911 0.233493 0.165576
2 0.801742 0.626155 0.152849 0.170379
2 0.443815 0.597696 0.041353 0.050381
2 0.095320 0.676388 0.087283 0.107538
2 0.285666 0.616936 0.034223 0.036772
2 0.485709 0.567490 0.019919 0.042216
2 0.719824 0.623060 0.057428 0.114343
2 0.690735 0.605368 0.068145 0.098012
2 0.655140 0.601966 0.044415 0.080320
2 0.622989 0.584274 0.049008 0.077599
2 0.587393 0.568624 0.026808 0.057185
2 0.472040 0.576822 0.021450 0.031328
2 0.572320 0.555048 0.010733 0.012276
2 0.568492 0.550965 0.009202 0.014998
9 0.443479 0.485740 0.023236 0.029968
9 0.589205 0.495907 0.007671 0.020441
9 0.601835 0.539456 0.006905 0.012276
9 0.429981 0.520403 0.009202 0.006832
9 0.395916 0.516321 0.009967 0.012276
8 0.569838 0.516457 0.006293 0.016359
8 0.456620 0.517818 0.004609 0.016359
9 0.589664 0.517137 0.007671 0.014998
9 0.962156 0.370161 0.041353 0.123869
2 0.364250 0.600832 0.035229 0.043576
0 0.402981 0.600443 0.003843 0.021802
0 0.408339 0.600443 0.005374 0.027246
0 0.416176 0.597656 0.005374 0.035411
0 0.418856 0.599017 0.006140 0.032689
0 0.475484 0.596652 0.008436 0.031328
0 0.570038 0.584369 0.012234 0.036703
2 0.533692 0.581524 0.020684 0.028290
3 0.027697 0.473175 0.054366 0.860109
9 0.808176 0.465423 0.010733 0.051742
8 0.460371 0.517545 0.005374 0.016359
