8 0.257349 0.538960 0.010529 0.029117
8 0.465958 0.559756 0.008580 0.018719
8 0.431352 0.592683 0.007605 0.018719
8 0.537119 0.556290 0.006630 0.018719
8 0.489841 0.584018 0.005655 0.015253
8 0.462546 0.598749 0.003706 0.020452
8 0.609255 0.418518 0.012479 0.044714
8 0.597557 0.418518 0.012479 0.041248
8 0.426966 0.444712 0.008580 0.034714
9 0.700399 0.526829 0.023202 0.018719
9 0.259299 0.513832 0.024177 0.020452
9 0.904134 0.346598 0.023202 0.032583
9 0.887563 0.398588 0.023202 0.015253
9 0.896336 0.429782 0.044648 0.025651
9 0.902185 0.460976 0.025151 0.029117
9 0.900722 0.487837 0.024177 0.048180
9 0.258324 0.576220 0.018328 0.020452
0 0.720383 0.629942 0.014429 0.068976
0 0.713072 0.630809 0.011504 0.060311
0 0.774485 0.622144 0.021252 0.094970
2 0.901102 0.665469 0.197016 0.219746
2 0.651875 0.641792 0.086021 0.138859
2 0.433789 0.637741 0.049522 0.077641
2 0.482530 0.639474 0.024177 0.088038
2 0.552716 0.691464 0.166499 0.233610
2 0.337284 0.646406 0.172347 0.219746
2 0.118439 0.681911 0.235710 0.289232
