2 0.422165 0.439175 0.021658 0.028193
2 0.404188 0.446392 0.020498 0.034379
2 0.394910 0.454639 0.022817 0.026131
2 0.362436 0.463918 0.036735 0.044688
2 0.284729 0.473196 0.052972 0.075616
2 0.263273 0.481443 0.056451 0.096234
2 0.200064 0.498182 0.110962 0.120489
2 0.116559 0.522680 0.143436 0.158090
2 0.037113 0.547423 0.075008 0.166337
2 0.484794 0.442268 0.021658 0.034379
2 0.501031 0.453608 0.028616 0.044688
2 0.513789 0.459794 0.019338 0.044688
2 0.530026 0.463918 0.030936 0.065306
2 0.548003 0.472165 0.046013 0.073554
2 0.589755 0.487629 0.071529 0.104482
2 0.721045 0.513255 0.228566 0.217899
8 0.421005 0.357732 0.010060 0.022007
8 0.466817 0.364949 0.011219 0.019946
8 0.469717 0.394845 0.010060 0.017884
8 0.370554 0.421650 0.011219 0.017884
9 0.581057 0.365979 0.019338 0.046750
9 0.503930 0.420619 0.011219 0.019946
8 0.985825 0.217526 0.025137 0.063245
