2 0.551622 0.572689 0.040899 0.059974
2 0.545371 0.571236 0.025531 0.057068
2 0.688091 0.650811 0.222139 0.260334
2 0.170501 0.636793 0.227161 0.286672
2 0.841238 0.789164 0.316742 0.420283
2 0.408105 0.652076 0.297368 0.480257
9 0.619679 0.374434 0.030870 0.021766
9 0.601769 0.444482 0.032303 0.024313
9 0.215634 0.411368 0.030870 0.019219
8 0.383270 0.335463 0.013676 0.044691
8 0.515086 0.359151 0.013676 0.042144
8 0.503624 0.356180 0.010811 0.044691
8 0.228529 0.454670 0.019407 0.029408
8 0.622903 0.480142 0.017975 0.029408
8 0.610724 0.496699 0.016542 0.031955
8 0.211405 0.449307 0.021843 0.038831
9 0.158167 0.295378 0.030033 0.047152
2 0.577052 0.618837 0.062795 0.144917
9 0.764263 0.378583 0.032373 0.042991
