2 0.390111 0.555883 0.012693 0.022565
2 0.399044 0.557206 0.012693 0.019918
2 0.375965 0.550589 0.011204 0.022565
2 0.362565 0.551912 0.014182 0.019918
2 0.352142 0.551912 0.011204 0.025212
2 0.346186 0.555883 0.014182 0.033154
2 0.336508 0.558530 0.015671 0.038448
2 0.323107 0.558530 0.033539 0.049036
2 0.305984 0.565147 0.023116 0.051683
2 0.291094 0.569118 0.020138 0.064918
2 0.266526 0.565147 0.051406 0.088742
2 0.221857 0.571765 0.069274 0.107271
2 0.182399 0.596030 0.061829 0.146977
2 0.084871 0.607059 0.170524 0.289036
2 0.905035 0.694097 0.189149 0.284624
2 0.457114 0.570971 0.024605 0.041095
2 0.460837 0.576265 0.023116 0.046389
2 0.470515 0.582883 0.027583 0.043742
2 0.485405 0.586853 0.030561 0.046389
2 0.499550 0.590824 0.035028 0.059624
2 0.531563 0.592147 0.057362 0.078154
2 0.570276 0.605383 0.069274 0.104624
2 0.634302 0.610809 0.119899 0.131095
2 0.744114 0.659780 0.197326 0.160213
3 0.427335 0.551647 0.042472 0.080801
