2 0.077201 0.474083 0.037276 0.055040
2 0.165631 0.453496 0.026047 0.051296
2 0.182825 0.447258 0.012712 0.023847
2 0.229146 0.437276 0.009905 0.018857
2 0.237217 0.440395 0.009203 0.022600
2 0.339683 0.429790 0.020432 0.038820
2 0.252657 0.437900 0.021836 0.035076
2 0.301785 0.482193 0.090615 0.136139
2 0.367756 0.443515 0.042891 0.068764
2 0.131241 0.475331 0.073771 0.097461
2 0.201073 0.443515 0.025345 0.031333
2 0.217566 0.440395 0.009203 0.012618
2 0.416182 0.424001 0.019029 0.022949
2 0.474836 0.424175 0.033870 0.042563
2 0.456697 0.421754 0.022218 0.037559
2 0.440044 0.416689 0.028854 0.042563
2 0.753760 0.404836 0.083597 0.061278
7 0.910267 0.547697 0.177641 0.783690
1 0.922549 0.499661 0.151674 0.572831
0 0.835523 0.422928 0.026749 0.169827
0 0.662874 0.407332 0.012712 0.068764
2 0.648837 0.410451 0.023941 0.045058
0 0.712002 0.416632 0.028152 0.131149
0 0.809204 0.422247 0.041487 0.179808
0 0.599547 0.422788 0.012712 0.066269
0 0.582703 0.422165 0.011309 0.070012
0 0.612881 0.413431 0.012712 0.047553
0 0.589721 0.420293 0.009905 0.061278
0 0.574983 0.423412 0.008501 0.052544
0 0.569017 0.405945 0.006396 0.022600
0 0.565157 0.422165 0.009905 0.050049
0 0.558841 0.422788 0.007098 0.051296
0 0.547963 0.417798 0.010607 0.046306
0 0.540242 0.410935 0.004992 0.027590
0 0.532171 0.414055 0.005694 0.028838
8 0.270090 0.254796 0.009905 0.040067
8 0.522045 0.186797 0.009905 0.046306
8 0.256605 0.255152 0.009203 0.035076
8 0.511167 0.185282 0.009203 0.045058
8 0.625564 0.174676 0.010607 0.051296
8 0.610475 0.232070 0.011309 0.031333
8 0.609773 0.265758 0.011309 0.028838
8 0.666972 0.307555 0.017625 0.035076
8 0.374110 0.369316 0.006396 0.016361
8 0.610876 0.336609 0.011309 0.022600
8 0.671935 0.351581 0.012712 0.015113
9 0.648023 0.190807 0.037276 0.075003
9 0.644564 0.073881 0.057629 0.149151
