9 0.529864 0.290428 0.047743 0.077770
9 0.692230 0.329507 0.020765 0.038692
9 0.738692 0.327730 0.017767 0.035139
9 0.985489 0.273553 0.013771 0.019152
9 0.984989 0.289539 0.010773 0.012047
2 0.988107 0.313520 0.023004 0.028034
2 0.965006 0.319737 0.024762 0.022705
2 0.929535 0.330395 0.037751 0.033363
2 0.882074 0.341941 0.038750 0.024481
2 0.844105 0.345493 0.020765 0.031586
2 0.820625 0.350822 0.035752 0.038692
2 0.796145 0.350822 0.014770 0.031586
2 0.765670 0.381020 0.069725 0.074218
2 0.733696 0.357928 0.021764 0.031586
2 0.666252 0.380132 0.048742 0.058231
2 0.700224 0.405888 0.088709 0.106192
3 0.265581 0.450296 0.282549 0.294481
2 0.584319 0.490263 0.196620 0.278494
2 0.514377 0.410329 0.036752 0.068889
2 0.437440 0.295757 0.052738 0.028034
2 0.804138 0.298421 0.032755 0.022705
2 0.067245 0.295757 0.047743 0.013823
