2 0.510515 0.445181 0.011544 0.022649
2 0.499753 0.436677 0.009152 0.018397
2 0.491382 0.433488 0.011544 0.016271
2 0.537422 0.440929 0.010348 0.018397
2 0.544598 0.446244 0.010348 0.024775
2 0.512907 0.426047 0.011544 0.018397
2 0.557274 0.450921 0.019915 0.029027
2 0.523192 0.444543 0.013936 0.020523
2 0.490903 0.450921 0.016328 0.024775
2 0.422021 0.469630 0.042637 0.057940
2 0.118989 0.581882 0.238759 0.424460
9 0.829812 0.272551 0.023503 0.052413
9 0.649714 0.377150 0.011544 0.022649
9 0.579756 0.386717 0.007956 0.020523
9 0.839977 0.320811 0.015132 0.041783
2 0.987439 0.378651 0.023031 0.032013
