9 0.820859 0.305156 0.020557 0.057639
0 0.980381 0.459843 0.020557 0.127951
0 0.986174 0.461015 0.026870 0.120920
1 0.891392 0.482109 0.048242 0.125608
6 0.897324 0.516093 0.075928 0.142014
2 0.362936 0.428201 0.022287 0.045916
2 0.349042 0.431514 0.028776 0.052542
0 0.231553 0.410625 0.015283 0.043576
0 0.212437 0.404765 0.016602 0.045920
2 0.420078 0.404765 0.012646 0.027170
2 0.409600 0.416484 0.020419 0.045920
2 0.494566 0.424687 0.027148 0.038889
2 0.575645 0.424687 0.049561 0.076389
2 0.855796 0.464531 0.156348 0.151389
3 0.485337 0.397734 0.037695 0.074045
3 0.447105 0.382500 0.037695 0.034201
3 0.542027 0.391875 0.050879 0.034201
2 0.553233 0.421172 0.020557 0.036545
3 0.667271 0.341484 0.074609 0.036545
3 0.290220 0.402422 0.093066 0.163108
2 0.520933 0.432890 0.050879 0.083420
2 0.446446 0.444609 0.065381 0.111545
2 0.162999 0.459843 0.152392 0.170139
2 0.678477 0.490312 0.218310 0.287326
