2 0.030586 0.493661 0.061953 0.226389
2 0.071191 0.428036 0.020820 0.038889
2 0.094922 0.428036 0.026094 0.031389
2 0.119180 0.439955 0.051406 0.048264
2 0.238887 0.432053 0.016602 0.035139
2 0.222539 0.432991 0.021875 0.040764
2 0.160312 0.431116 0.032422 0.037014
2 0.352793 0.420803 0.014492 0.035139
2 0.334336 0.421741 0.026094 0.029514
8 0.392344 0.395223 0.013437 0.018264
8 0.426621 0.397098 0.008164 0.018264
8 0.435058 0.393348 0.010273 0.022014
8 0.472500 0.412098 0.009219 0.018264
8 0.596953 0.417723 0.013437 0.022014
9 0.465644 0.376339 0.010273 0.021746
2 0.556875 0.421473 0.038750 0.067014
8 0.377051 0.409286 0.008164 0.016389
2 0.421397 0.425390 0.017920 0.022483
