2 0.319917 0.382820 0.022375 0.058972
2 0.308521 0.387085 0.028373 0.080299
2 0.427985 0.391719 0.034171 0.068240
2 0.444081 0.409478 0.035571 0.069635
2 0.459676 0.416943 0.049967 0.058972
2 0.475871 0.436137 0.060763 0.101626
2 0.522057 0.452132 0.095553 0.154943
2 0.378838 0.356907 0.019624 0.033647
2 0.270132 0.403080 0.076359 0.108024
2 0.180159 0.478791 0.133942 0.161341
0 0.103382 0.394550 0.025974 0.108024
0 0.603033 0.399881 0.022375 0.088830
0 0.677411 0.414479 0.031972 0.144941
0 0.715800 0.420142 0.041569 0.142147
