9 0.523506 0.283787 0.071280 0.067636
9 0.374600 0.211632 0.207952 0.234866
9 0.603069 0.504907 0.020924 0.019293
9 0.567819 0.504863 0.039052 0.023241
2 0.529978 0.542146 0.025812 0.032895
2 0.498396 0.550210 0.033146 0.049024
2 0.393374 0.549794 0.036614 0.037449
2 0.458546 0.555040 0.054159 0.073007
2 0.304011 0.556273 0.049242 0.046825
2 0.177053 0.558621 0.045095 0.058683
2 0.216928 0.600317 0.142453 0.134915
9 0.048387 0.329611 0.030093 0.023721
9 0.593440 0.524400 0.028697 0.016277
2 0.423852 0.543011 0.024510 0.031166
