2 0.544948 0.822505 0.022634 0.035382
2 0.574995 0.826147 0.039023 0.076659
2 0.515583 0.833431 0.051315 0.076659
1 0.476658 0.823719 0.036292 0.110652
7 0.479390 0.881993 0.025365 0.081515
2 0.357152 0.865591 0.198820 0.199900
2 0.249255 0.862568 0.108678 0.149501
0 0.253353 0.844358 0.048584 0.108224
1 0.216477 0.871066 0.059510 0.195634
2 0.172089 0.844358 0.022634 0.079087
7 0.215794 0.946336 0.069070 0.098511
2 0.141359 0.891705 0.026731 0.164069
0 0.141359 0.817649 0.024000 0.040238
0 0.031413 0.888063 0.028097 0.156785
0 0.011609 0.900203 0.024000 0.185921
8 0.046437 0.726597 0.025365 0.037810
9 0.094701 0.630992 0.038098 0.029919
9 0.082630 0.658611 0.018536 0.023241
0 0.173796 0.903274 0.055413 0.192063
8 0.359834 0.488950 0.022050 0.072410
2 0.705669 0.838895 0.287596 0.319465
0 0.836406 0.827725 0.017171 0.081515
0 0.877580 0.842162 0.028499 0.115245
0 0.061647 0.894127 0.037072 0.180049
