8 0.492740 0.271224 0.014546 0.027220
8 0.551624 0.271224 0.013017 0.027220
9 0.646068 0.343278 0.018370 0.019063
9 0.872300 0.305211 0.016076 0.032658
9 0.871917 0.346677 0.019899 0.031298
9 0.894859 0.340559 0.015311 0.027220
9 0.895242 0.304532 0.014546 0.031298
8 0.334823 0.352115 0.012252 0.020422
2 0.262087 0.442632 0.085414 0.124848
2 0.167698 0.465955 0.127090 0.150955
2 0.628292 0.397113 0.032529 0.045020
2 0.533268 0.391609 0.028598 0.030269
2 0.504336 0.397319 0.028948 0.040476
2 0.472329 0.405573 0.038253 0.036736
2 0.601328 0.383247 0.017235 0.024598
2 0.062380 0.495641 0.124667 0.164531
2 0.402302 0.448058 0.097902 0.115588
2 0.808318 0.441940 0.172080 0.187643
8 0.750302 0.157661 0.016841 0.048972
8 0.828305 0.164459 0.015311 0.048972
9 0.652070 0.308568 0.013782 0.013625
9 0.887745 0.137269 0.010723 0.029939
9 0.891951 0.181453 0.031370 0.034017
9 0.392131 0.351844 0.018369 0.034920
