2 0.482427 0.501353 0.006737 0.022565
2 0.489872 0.498706 0.009715 0.033154
2 0.499550 0.501353 0.017160 0.038448
2 0.513695 0.506647 0.027583 0.049036
2 0.530818 0.522530 0.040983 0.064918
2 0.573254 0.522530 0.075230 0.107271
2 0.591866 0.546353 0.061829 0.117860
2 0.443714 0.504000 0.012693 0.022565
2 0.425101 0.506647 0.017160 0.038448
2 0.402767 0.513265 0.038006 0.051683
2 0.364054 0.517236 0.043961 0.091389
2 0.349164 0.530471 0.038006 0.096683
2 0.295561 0.549000 0.115432 0.144330
2 0.467537 0.505324 0.015671 0.030507
2 0.662592 0.570177 0.134789 0.170801
0 0.734659 0.558530 0.045450 0.218448
9 0.694159 0.366618 0.021627 0.030507
9 0.783497 0.354706 0.048428 0.107271
9 0.610776 0.403677 0.024605 0.051683
9 0.280671 0.395736 0.017160 0.025212
