9 0.235245 0.412916 0.007092 0.021957
2 0.134559 0.446499 0.036408 0.052973
2 0.099918 0.451558 0.044955 0.051874
2 0.061369 0.448797 0.037912 0.053657
2 0.014423 0.456757 0.029627 0.054791
9 0.286080 0.407618 0.013402 0.027566
2 0.345118 0.453349 0.036818 0.044236
2 0.516417 0.449689 0.021817 0.033176
2 0.543237 0.455298 0.018661 0.029436
2 0.555859 0.462777 0.027075 0.048134
2 0.391783 0.498304 0.096492 0.122926
2 0.583730 0.475866 0.055473 0.078051
9 0.421232 0.344044 0.064939 0.023827
2 0.643155 0.388920 0.008144 0.020087
9 0.653673 0.387985 0.008144 0.018217
8 0.488407 0.399903 0.009854 0.019615
2 0.858987 0.635443 0.004271 0.007592
