9 0.678548 0.027540 0.074473 0.050049
9 0.080593 0.321995 0.009905 0.025095
9 0.480633 0.245262 0.014116 0.018857
9 0.583802 0.225251 0.019731 0.046210
8 0.263044 0.280730 0.009203 0.018857
8 0.349633 0.265758 0.007098 0.018857
8 0.464031 0.248290 0.005694 0.021352
8 0.469294 0.250786 0.007800 0.018857
8 0.343668 0.269501 0.006396 0.021352
8 0.480524 0.284473 0.007800 0.013866
2 0.471100 0.328766 0.009203 0.018857
2 0.465135 0.333757 0.014116 0.021352
2 0.449344 0.361830 0.044294 0.062526
2 0.392496 0.343115 0.010607 0.022600
2 0.403725 0.345610 0.023240 0.037572
2 0.365578 0.354425 0.021020 0.038610
2 0.298112 0.390513 0.119390 0.169827
2 0.522255 0.330232 0.073362 0.089478
2 0.616132 0.542870 0.293442 0.461786
2 0.139242 0.415605 0.085000 0.077498
4 0.050742 0.376661 0.101142 0.085949
0 0.005702 0.401845 0.009905 0.040067
0 0.211688 0.377604 0.007800 0.026521
2 0.438546 0.311621 0.034204 0.064664
2 0.467553 0.329925 0.020432 0.026343
9 0.585102 0.271943 0.017171 0.040238
