9 0.180827 0.331001 0.019303 0.015253
9 0.179852 0.352664 0.013454 0.023918
2 0.044781 0.507322 0.090344 0.298574
2 0.063458 0.397500 0.080906 0.044271
2 0.173516 0.450578 0.125557 0.140028
2 0.242727 0.426316 0.057320 0.081107
2 0.279770 0.415052 0.041723 0.068976
2 0.378225 0.490437 0.172347 0.247474
2 0.890573 0.500814 0.217991 0.403401
2 0.636062 0.499102 0.159675 0.157358
2 0.725257 0.483505 0.078766 0.101902
2 0.544918 0.476353 0.080715 0.104928
2 0.497152 0.457510 0.057320 0.077641
2 0.473757 0.443646 0.043673 0.077641
4 0.562464 0.390790 0.088514 0.103635
2 0.309996 0.410625 0.027148 0.034201
