8 0.026005 0.386730 0.031972 0.044043
8 0.018807 0.424052 0.029573 0.024849
8 0.921539 0.189455 0.016377 0.076033
8 0.898746 0.192654 0.018776 0.069635
8 0.297724 0.375000 0.011578 0.046176
8 0.316918 0.458175 0.013977 0.020583
9 0.424886 0.410189 0.016377 0.009920
9 0.432084 0.393128 0.018776 0.014185
8 0.533454 0.327014 0.007979 0.044043
8 0.523257 0.328080 0.009179 0.046176
0 0.014608 0.543483 0.028373 0.131484
0 0.101582 0.572274 0.051166 0.206128
0 0.056596 0.586137 0.030772 0.199730
0 0.157966 0.579739 0.034371 0.186934
0 0.216148 0.566943 0.035571 0.203995
0 0.263534 0.582938 0.053566 0.184801
0 0.337312 0.593601 0.054765 0.223190
0 0.830966 0.642654 0.070361 0.278640
0 0.020606 0.546682 0.016377 0.103758
0 0.062594 0.499763 0.013977 0.052574
0 0.129174 0.527488 0.015177 0.061104
0 0.189756 0.560545 0.025974 0.127218
0 0.249139 0.581872 0.019976 0.157076
0 0.289327 0.571208 0.025974 0.157076
0 0.330114 0.566943 0.040369 0.229588
0 0.370902 0.571208 0.045168 0.199730
0 0.390696 0.563744 0.039170 0.163474
0 0.424286 0.560545 0.029573 0.140014
0 0.463275 0.500829 0.016377 0.063237
0 0.448279 0.587203 0.034371 0.210393
0 0.505262 0.555213 0.021175 0.154943
0 0.555647 0.564810 0.025974 0.161341
0 0.531055 0.560545 0.022375 0.140014
1 0.610231 0.555213 0.084756 0.197597
0 0.732595 0.619194 0.039170 0.248782
0 0.748790 0.591469 0.035571 0.223190
0 0.768584 0.592535 0.034371 0.191199
0 0.799175 0.550947 0.023574 0.146412
0 0.824968 0.585071 0.031972 0.231720
0 0.854359 0.613862 0.033172 0.233853
0 0.931736 0.586137 0.031972 0.191199
0 0.963526 0.651618 0.071560 0.292701
0 0.976123 0.548815 0.034371 0.125085
2 0.321117 0.545616 0.127943 0.110157
2 0.403293 0.533886 0.088355 0.095228
7 0.594636 0.599984 0.274300 0.410898
4 0.829766 0.481635 0.339081 0.272242
