9 0.473033 0.473145 0.045615 0.027747
2 0.289319 0.497532 0.030204 0.043732
2 0.302629 0.507496 0.034407 0.028787
2 0.253777 0.497532 0.076809 0.058677
2 0.210860 0.508741 0.047016 0.036260
2 0.192646 0.502514 0.049818 0.043732
2 0.162523 0.496287 0.037209 0.031278
2 0.442035 0.521195 0.016193 0.036260
2 0.453243 0.518704 0.018995 0.031278
2 0.460249 0.532403 0.016193 0.038751
2 0.425923 0.523686 0.026000 0.051204
2 0.025219 0.481965 0.051219 0.078603
2 0.535906 0.544234 0.030204 0.043732
2 0.493874 0.543819 0.063829 0.101020
2 0.602456 0.573294 0.076439 0.093548
2 0.752715 0.600692 0.188601 0.208123
2 0.365677 0.566440 0.124075 0.170043
2 0.934479 0.601522 0.085721 0.071131
