2 0.240889 0.579695 0.059725 0.049020
2 0.334662 0.557241 0.029870 0.042216
2 0.380209 0.551117 0.022981 0.040855
2 0.146244 0.597833 0.048453 0.078067
2 0.546706 0.533054 0.019153 0.027246
2 0.527185 0.539178 0.019919 0.034050
2 0.495417 0.541219 0.023746 0.043576
2 0.410829 0.557550 0.039822 0.070794
2 0.646290 0.533735 0.011498 0.020441
2 0.633659 0.535095 0.010733 0.014998
2 0.620646 0.535095 0.015326 0.017720
2 0.604570 0.533054 0.010733 0.013637
2 0.682268 0.533735 0.019153 0.025885
2 0.711357 0.536456 0.020684 0.020441
2 0.761498 0.540539 0.044415 0.042216
2 0.928671 0.557550 0.083279 0.070794
9 0.593784 0.505836 0.013795 0.019080
2 0.457525 0.559158 0.065849 0.092568
2 0.069826 0.632336 0.138725 0.244195
