2 0.530726 0.518023 0.026010 0.041754
2 0.560370 0.531478 0.047454 0.059694
2 0.593797 0.529236 0.046192 0.091090
2 0.408369 0.522508 0.028532 0.068665
2 0.371157 0.522508 0.072682 0.113515
2 0.282858 0.537084 0.052499 0.075392
2 0.333185 0.537947 0.100627 0.136305
2 0.467025 0.552782 0.128185 0.200973
2 0.666329 0.560631 0.160982 0.270492
9 0.952041 0.291528 0.048715 0.086605
9 0.951410 0.346470 0.047454 0.035027
9 0.791210 0.349834 0.019703 0.046239
9 0.771027 0.345349 0.014657 0.028299
9 0.779226 0.310589 0.018441 0.039512
9 0.948256 0.469809 0.018441 0.035027
9 0.778595 0.465324 0.017180 0.026057
9 0.781118 0.498961 0.014657 0.052967
9 0.285380 0.439535 0.014657 0.028299
9 0.556586 0.466445 0.014657 0.019329
9 0.526942 0.473172 0.010873 0.023814
8 0.483423 0.424958 0.012134 0.035027
8 0.433597 0.405897 0.013395 0.041754
8 0.378095 0.419352 0.010873 0.032784
8 0.330791 0.402533 0.009611 0.030542
8 0.323223 0.415988 0.012134 0.026057
8 0.233662 0.441777 0.014657 0.032784
8 0.251322 0.482143 0.012134 0.032784
2 0.126182 0.561714 0.253146 0.537429
8 0.420454 0.465254 0.012134 0.032784
