8 0.315041 0.475164 0.009774 0.038692
8 0.430446 0.520461 0.008775 0.033363
8 0.144181 0.532895 0.015769 0.022705
8 0.305049 0.473388 0.011772 0.042244
8 0.422452 0.520461 0.008775 0.022705
8 0.609798 0.636809 0.023762 0.028034
9 0.506383 0.588849 0.016768 0.013823
9 0.165164 0.472500 0.009774 0.019152
2 0.117204 0.579967 0.055736 0.038692
2 0.188145 0.632879 0.041748 0.081457
2 0.159139 0.636809 0.045684 0.088428
2 0.108211 0.641250 0.077718 0.111520
2 0.472391 0.644804 0.026719 0.047385
2 0.513766 0.715185 0.095925 0.131496
2 0.537585 0.745164 0.070734 0.120402
2 0.662415 0.802895 0.278231 0.314020
2 0.028908 0.557763 0.056999 0.058231
2 0.041866 0.653684 0.084512 0.136389
2 0.840870 0.846414 0.316997 0.305139
2 0.299516 0.770033 0.280476 0.429481
2 0.371994 0.574638 0.065728 0.049349
