8 0.660082 0.428853 0.008775 0.022705
8 0.635602 0.428853 0.009774 0.015599
8 0.610123 0.433294 0.010773 0.020928
8 0.587142 0.435070 0.010773 0.020928
8 0.562162 0.435959 0.010773 0.022705
8 0.536184 0.440399 0.006776 0.017376
8 0.512203 0.441288 0.008775 0.019152
8 0.488223 0.444840 0.008775 0.015599
8 0.463244 0.444840 0.010773 0.012047
8 0.438764 0.445728 0.009774 0.013823
8 0.414284 0.449281 0.010773 0.013823
8 0.390304 0.449281 0.010773 0.010270
9 0.664578 0.442176 0.017767 0.010270
9 0.612621 0.447505 0.017767 0.010270
9 0.586642 0.448393 0.019766 0.008494
9 0.563161 0.451057 0.012771 0.013823
9 0.537183 0.451945 0.016768 0.012047
9 0.513203 0.454610 0.016768 0.010270
9 0.488723 0.456386 0.019766 0.010270
9 0.463244 0.457274 0.012771 0.008494
9 0.440263 0.461715 0.012771 0.010270
9 0.414284 0.462603 0.012771 0.012047
9 0.389305 0.462603 0.014770 0.008494
2 0.457748 0.485695 0.023762 0.029810
2 0.435766 0.491024 0.025761 0.036915
2 0.408789 0.507899 0.049741 0.070665
2 0.489722 0.487472 0.023762 0.040468
2 0.511704 0.489248 0.017767 0.019152
2 0.542179 0.491913 0.042747 0.060007
2 0.622613 0.476814 0.039749 0.051126
2 0.658083 0.480367 0.018766 0.019152
2 0.688059 0.472373 0.024762 0.020928
2 0.858214 0.540408 0.282790 0.288337
2 0.227806 0.512343 0.028050 0.029514
2 0.125727 0.539297 0.063458 0.050608
2 0.335044 0.497109 0.027148 0.027170
2 0.282969 0.505312 0.031103 0.034201
