0 0.104842 0.352591 0.024972 0.098619
0 0.079074 0.365680 0.026024 0.136015
3 0.705401 0.407551 0.233222 0.256133
2 0.188983 0.388628 0.174323 0.207068
2 0.278362 0.382414 0.075499 0.122265
3 0.327291 0.359646 0.076508 0.115447
2 0.579715 0.391597 0.074405 0.133816
2 0.535014 0.365523 0.062835 0.108503
2 0.508194 0.366190 0.026024 0.087400
2 0.496625 0.365255 0.021817 0.081791
2 0.487159 0.359646 0.015506 0.055613
2 0.470331 0.348427 0.019713 0.029436
2 0.455080 0.342817 0.016558 0.025696
2 0.415113 0.337208 0.018661 0.021957
2 0.398811 0.348427 0.021817 0.036915
2 0.438252 0.343752 0.018661 0.031306
7 0.373828 0.365814 0.019713 0.033176
1 0.369621 0.348051 0.013402 0.061223
8 0.448503 0.262040 0.004988 0.027566
8 0.423261 0.251756 0.007092 0.025696
8 0.444296 0.262040 0.009195 0.023827
8 0.417476 0.249886 0.006040 0.025696
8 0.497936 0.313460 0.009195 0.018217
8 0.520023 0.305981 0.013402 0.018217
