2 0.667732 0.671580 0.251176 0.247445
2 0.144711 0.562674 0.113108 0.124116
2 0.247092 0.551233 0.053434 0.055472
2 0.508018 0.564238 0.104917 0.141789
2 0.050124 0.541079 0.101029 0.071621
2 0.278099 0.547073 0.026523 0.055472
2 0.204969 0.527312 0.048754 0.045072
2 0.449514 0.550193 0.044074 0.053392
2 0.426698 0.550193 0.017162 0.036751
2 0.417337 0.547073 0.019502 0.030511
2 0.409147 0.541872 0.019502 0.028431
2 0.305010 0.539792 0.026523 0.045072
2 0.324902 0.539792 0.014822 0.032591
2 0.338357 0.532512 0.011312 0.026350
2 0.345963 0.532512 0.010142 0.030511
2 0.352983 0.534592 0.010142 0.022190
2 0.366439 0.531992 0.015992 0.027390
9 0.336907 0.447227 0.014091 0.015950
9 0.337273 0.465874 0.014822 0.011938
9 0.322647 0.443067 0.013652 0.011790
