9 0.655818 0.347630 0.118346 0.125085
9 0.553248 0.541706 0.037970 0.044043
9 0.050597 0.633412 0.021175 0.039777
8 0.465674 0.496919 0.011578 0.056839
8 0.615030 0.483057 0.007979 0.046176
8 0.624627 0.567298 0.007979 0.035512
8 0.568244 0.572630 0.010378 0.033379
8 0.524457 0.590758 0.004380 0.026981
2 0.058964 0.832721 0.115710 0.284840
2 0.535853 0.654739 0.036771 0.082431
2 0.509461 0.672867 0.060763 0.131484
2 0.436883 0.698459 0.157935 0.208261
2 0.258508 0.801691 0.380325 0.395230
2 0.564645 0.646208 0.027173 0.048308
2 0.582040 0.719786 0.069161 0.238119
2 0.781043 0.721622 0.371747 0.555366
3 0.908494 0.513981 0.182230 0.688118
