9 0.479405 0.300469 0.025830 0.062326
9 0.478745 0.381328 0.019238 0.036545
9 0.857114 0.046172 0.029785 0.027170
9 0.859092 0.098906 0.039014 0.076389
2 0.466880 0.431718 0.042969 0.052951
2 0.870298 0.225469 0.064062 0.048264
2 0.810972 0.230156 0.045605 0.038889
2 0.637608 0.241875 0.052197 0.029514
2 0.596079 0.246562 0.037695 0.024826
2 0.566416 0.248906 0.023193 0.020139
2 0.544663 0.250078 0.024512 0.022483
2 0.507749 0.250078 0.029785 0.022483
3 0.457672 0.246085 0.025151 0.029117
2 0.421397 0.253594 0.025830 0.029514
4 0.393711 0.252422 0.041650 0.027170
2 0.338999 0.262969 0.027148 0.020139
3 0.302085 0.262969 0.045605 0.029514
2 0.294834 0.417656 0.039014 0.034201
2 0.277696 0.431718 0.044287 0.048264
2 0.232212 0.431718 0.058789 0.048264
2 0.176182 0.416484 0.054834 0.050608
2 0.153770 0.418828 0.057471 0.041233
2 0.110264 0.409453 0.070654 0.055295
2 0.075342 0.429074 0.050908 0.061726
2 0.038392 0.429941 0.042925 0.063459
2 0.014024 0.454561 0.028467 0.131449
2 0.365367 0.493373 0.185351 0.187454
2 0.564439 0.562181 0.248633 0.359140
2 0.981560 0.234844 0.036099 0.029514
2 0.474244 0.253883 0.027101 0.016986
