2 0.962785 0.256194 0.072917 0.082840
2 0.888700 0.269480 0.078766 0.089771
2 0.795016 0.275128 0.117963 0.112121
2 0.652672 0.288543 0.135706 0.120965
2 0.452311 0.312227 0.191844 0.120965
2 0.226480 0.326958 0.203541 0.212814
2 0.028468 0.273510 0.057717 0.075879
9 0.077497 0.194095 0.009555 0.018719
9 0.078472 0.206226 0.011504 0.011787
9 0.081884 0.236553 0.010529 0.013520
9 0.422092 0.155103 0.041723 0.055112
9 0.078959 0.272080 0.008580 0.015253
9 0.088708 0.271213 0.008580 0.013520
8 0.300728 0.187163 0.009555 0.029117
8 0.292442 0.031194 0.010529 0.029117
2 0.016101 0.348963 0.030870 0.082898
