2 0.486320 0.407240 0.078864 0.146304
2 0.609879 0.422495 0.085728 0.127999
2 0.720568 0.424080 0.078864 0.097370
3 0.875875 0.359952 0.243610 0.359863
2 0.057294 0.426308 0.042826 0.047152
2 0.094620 0.433935 0.035103 0.031897
2 0.006669 0.420206 0.011936 0.037999
2 0.161548 0.440037 0.040252 0.047152
2 0.115642 0.432410 0.032529 0.037999
7 0.261939 0.436223 0.050548 0.039524
7 0.290684 0.423257 0.035961 0.059355
7 0.314281 0.414105 0.035103 0.047152
7 0.337877 0.409529 0.027381 0.059355
7 0.363618 0.419444 0.054838 0.045626
2 0.559683 0.406478 0.036819 0.031897
9 0.623608 0.298935 0.032529 0.015118
8 0.591431 0.289020 0.005930 0.028847
8 0.445562 0.299698 0.009362 0.037999
8 0.597866 0.289783 0.010220 0.027321
