2 0.140219 0.537712 0.281220 0.481898
0 0.665408 0.385309 0.035915 0.102207
0 0.757828 0.380663 0.019502 0.122036
0 0.818086 0.386903 0.027693 0.134517
2 0.427385 0.418899 0.033543 0.050183
2 0.347133 0.426426 0.049924 0.080434
2 0.297664 0.426426 0.044593 0.063793
2 0.378725 0.421225 0.019502 0.053392
2 0.391011 0.412905 0.018332 0.045072
0 0.492807 0.390023 0.006632 0.024270
9 0.730916 0.068644 0.040564 0.101235
9 0.734426 0.139368 0.045244 0.055472
9 0.540195 0.272496 0.014822 0.022190
9 0.541950 0.300578 0.018332 0.032591
8 0.223106 0.367142 0.007802 0.032591
8 0.314371 0.320339 0.005462 0.026350
8 0.351228 0.351541 0.006632 0.022190
8 0.419677 0.318259 0.007802 0.022190
8 0.317296 0.367142 0.004291 0.028431
8 0.343623 0.372342 0.005462 0.022190
2 0.678263 0.401464 0.113108 0.063793
0 0.508018 0.394184 0.015992 0.028431
2 0.321680 0.410625 0.015547 0.020139
0 0.600117 0.394687 0.017656 0.055764
