2 0.408605 0.461182 0.022592 0.032043
2 0.386954 0.452851 0.030870 0.054880
2 0.369044 0.457945 0.040899 0.059974
2 0.328926 0.457945 0.049496 0.070163
2 0.290241 0.463039 0.055227 0.075257
2 0.217886 0.480870 0.111106 0.126200
2 0.509457 0.455398 0.017975 0.039596
2 0.528800 0.447756 0.019407 0.044691
2 0.546710 0.451577 0.023706 0.052332
2 0.577514 0.448120 0.048063 0.075257
2 0.608319 0.469771 0.058093 0.098181
2 0.669213 0.465951 0.088181 0.136389
2 0.791716 0.458309 0.238623 0.243370
2 0.103979 0.507797 0.201371 0.156766
2 0.893342 0.555141 0.209766 0.276041
2 0.025483 0.544731 0.051747 0.159314
8 0.459310 0.422467 0.015109 0.026861
8 0.487965 0.421193 0.015109 0.029408
9 0.066727 0.304569 0.035168 0.047238
9 0.372623 0.395817 0.016549 0.013110
