2 0.062162 0.546822 0.041879 0.044608
2 0.022124 0.553819 0.045028 0.046035
2 0.327081 0.528770 0.010022 0.017062
2 0.355172 0.538937 0.039049 0.050287
9 0.568834 0.399685 0.019915 0.035405
9 0.824749 0.278858 0.058183 0.037531
9 0.825347 0.315354 0.033070 0.052413
9 0.918027 0.336260 0.034266 0.122570
2 0.321666 0.528029 0.007729 0.014427
2 0.300629 0.531117 0.009659 0.012368
2 0.284032 0.530774 0.008887 0.014427
2 0.295998 0.528715 0.005027 0.013054
3 0.298700 0.520481 0.008887 0.013054
2 0.316455 0.530774 0.009659 0.013054
