9 0.137459 0.409214 0.049493 0.059121
9 0.304469 0.388595 0.019338 0.026131
9 0.590938 0.298905 0.033255 0.040564
9 0.500474 0.396843 0.030936 0.022007
9 0.592098 0.344266 0.023977 0.052935
9 0.582820 0.385503 0.017018 0.019946
9 0.587459 0.422616 0.026297 0.019946
0 0.610135 0.556259 0.022817 0.102420
0 0.597294 0.555228 0.012379 0.096234
2 0.962977 0.581031 0.071529 0.104482
2 0.855696 0.588248 0.146915 0.094172
2 0.298067 0.625361 0.323204 0.444688
2 0.052191 0.542887 0.105163 0.197265
9 0.782629 0.551134 0.026297 0.048812
9 0.145554 0.477663 0.008900 0.026131
9 0.416946 0.457045 0.025137 0.022007
9 0.459278 0.473540 0.037895 0.022007
9 0.304446 0.358076 0.022817 0.038502
0 0.509378 0.549907 0.015077 0.063505
0 0.465733 0.537966 0.013143 0.047255
