9 0.719710 0.386704 0.014035 0.026338
9 0.732240 0.419276 0.033526 0.027724
9 0.709241 0.446997 0.048340 0.030496
9 0.721325 0.474024 0.025730 0.029110
9 0.712749 0.528080 0.047560 0.076235
9 0.687411 0.557880 0.028069 0.022179
9 0.493724 0.589759 0.012253 0.027724
2 0.403661 0.617479 0.010917 0.015249
2 0.395085 0.619558 0.014035 0.016635
2 0.382708 0.622564 0.014229 0.022646
2 0.371696 0.627181 0.010917 0.026338
2 0.353764 0.636191 0.023391 0.033268
2 0.333493 0.639656 0.026510 0.042970
2 0.311663 0.649358 0.029628 0.048514
2 0.431729 0.614707 0.009357 0.015249
2 0.435894 0.616789 0.008332 0.019413
2 0.442788 0.622564 0.011868 0.022646
2 0.450621 0.626028 0.013675 0.026803
2 0.474334 0.635973 0.041094 0.055008
2 0.484420 0.659977 0.028916 0.054534
2 0.676537 0.760241 0.180879 0.220383
2 0.275743 0.660215 0.060034 0.070691
2 0.508077 0.670611 0.055356 0.069305
2 0.034568 0.699024 0.069918 0.220383
2 0.844737 0.784959 0.309746 0.298001
2 0.418310 0.616786 0.014599 0.015249
