2 0.481069 0.432360 0.103005 0.045324
2 0.410299 0.448336 0.035605 0.029347
2 0.636089 0.497263 0.087278 0.107232
2 0.396872 0.472481 0.040205 0.065656
2 0.362557 0.490274 0.070428 0.121211
2 0.281677 0.500259 0.144568 0.213075
2 0.558017 0.477293 0.050208 0.055309
2 0.482754 0.632064 0.259149 0.376833
2 0.697873 0.551184 0.141198 0.163149
2 0.149825 0.582138 0.300431 0.324910
0 0.107559 0.404401 0.023248 0.029347
0 0.784763 0.503255 0.025495 0.113223
0 0.822956 0.526221 0.036728 0.091256
0 0.836998 0.513240 0.033358 0.101241
0 0.889795 0.538203 0.040098 0.127203
0 0.923495 0.540200 0.017631 0.111226
0 0.935851 0.545193 0.026618 0.117217
0 0.958318 0.551184 0.033358 0.129200
0 0.597053 0.464911 0.013138 0.033342
9 0.396881 0.370614 0.015109 0.011578
9 0.687020 0.393538 0.013676 0.011578
9 0.690602 0.385897 0.017975 0.011578
9 0.675558 0.359151 0.016542 0.039596
9 0.653350 0.382076 0.012244 0.019219
8 0.606784 0.351510 0.007945 0.024313
8 0.596755 0.345142 0.007945 0.026861
8 0.635440 0.387170 0.007945 0.029408
8 0.416940 0.359151 0.009378 0.029408
8 0.407627 0.361698 0.007945 0.029408
