9 0.397295 0.397749 0.013977 0.024849
9 0.394895 0.358294 0.025974 0.052574
9 0.240741 0.356161 0.017576 0.022716
9 0.136972 0.409478 0.016377 0.022716
9 0.361905 0.389218 0.022375 0.024849
9 0.337912 0.390284 0.024774 0.018450
2 0.477671 0.411611 0.021175 0.031247
2 0.361305 0.419076 0.011578 0.012052
2 0.349909 0.419076 0.010378 0.016318
2 0.350508 0.430805 0.009179 0.018450
2 0.336713 0.430805 0.017576 0.018450
2 0.318118 0.422275 0.013977 0.018450
2 0.304322 0.430805 0.015177 0.018450
2 0.285128 0.438973 0.019976 0.026255
2 0.033996 0.467948 0.068774 0.101267
