2 0.872288 0.605549 0.156440 0.170188
2 0.665427 0.596252 0.081085 0.127454
8 0.456482 0.373537 0.014035 0.055444
9 0.582005 0.313244 0.010917 0.056830
8 0.573039 0.317402 0.008578 0.059602
8 0.560565 0.313244 0.010137 0.054058
9 0.461160 0.506596 0.017154 0.063761
9 0.461940 0.446304 0.026510 0.026338
9 0.461160 0.424820 0.015595 0.022179
9 0.486499 0.507982 0.017933 0.033268
9 0.752358 0.426899 0.053797 0.015249
9 0.839678 0.492043 0.024171 0.020793
9 0.839678 0.470559 0.013256 0.016635
9 0.836170 0.410267 0.028069 0.026338
8 0.688817 0.424820 0.007798 0.036040
8 0.648275 0.515606 0.007798 0.020793
9 0.752358 0.462936 0.011696 0.026338
9 0.754307 0.503131 0.009357 0.018021
8 0.513397 0.507289 0.006239 0.015249
8 0.553938 0.471252 0.004679 0.026338
2 0.590192 0.589758 0.031967 0.041584
2 0.422861 0.586293 0.032939 0.034654
2 0.366256 0.598768 0.055002 0.056830
2 0.141506 0.608177 0.099796 0.083161
2 0.716884 0.599461 0.043662 0.080393
2 0.617479 0.582828 0.021052 0.044356
4 0.484218 0.568517 0.064596 0.067434
2 0.293428 0.598551 0.092216 0.087757
2 0.218582 0.606391 0.059038 0.060988
2 0.046389 0.586520 0.090440 0.201432
2 0.550820 0.580056 0.010917 0.019407
3 0.605005 0.559266 0.019493 0.024952
9 0.567582 0.531545 0.011696 0.013863
