8 0.319224 0.314531 0.016602 0.057639
8 0.074009 0.217265 0.024512 0.102170
8 0.696275 0.375468 0.029785 0.067014
8 0.647495 0.239531 0.035059 0.170139
8 0.302745 0.320390 0.015283 0.059983
8 0.067418 0.524297 0.016602 0.031858
9 0.067418 0.472734 0.021875 0.022483
9 0.078624 0.489140 0.017920 0.017795
9 0.423374 0.503203 0.013965 0.041233
9 0.422715 0.473906 0.025830 0.020139
9 0.439854 0.441093 0.028467 0.029514
9 0.435899 0.403593 0.020557 0.029514
9 0.397007 0.458672 0.019238 0.041233
9 0.672544 0.359062 0.032422 0.099826
0 0.621128 0.565312 0.029785 0.090451
0 0.536094 0.579375 0.033740 0.127951
0 0.523570 0.570000 0.024512 0.109201
0 0.506431 0.588750 0.035059 0.151389
0 0.455991 0.560625 0.021189 0.071701
0 0.400303 0.559453 0.015283 0.059983
0 0.391734 0.557109 0.013965 0.055295
0 0.383164 0.554765 0.012646 0.050608
0 0.023912 0.572343 0.021875 0.067014
0 0.063462 0.564140 0.016602 0.045920
2 0.224302 0.677812 0.359375 0.554514
2 0.771516 0.736406 0.456186 0.507639
