9 0.647840 0.305759 0.022478 0.045471
9 0.417398 0.393980 0.009047 0.021593
8 0.492647 0.342857 0.010080 0.034450
8 0.417742 0.345612 0.011113 0.032613
9 0.562902 0.377755 0.014212 0.012409
8 0.306787 0.334813 0.006166 0.023430
8 0.299962 0.332143 0.006980 0.021593
2 0.380863 0.453673 0.043141 0.049144
2 0.515376 0.439286 0.016279 0.021593
2 0.531390 0.443877 0.023511 0.027103
2 0.555153 0.429184 0.033842 0.063838
2 0.563418 0.448469 0.029710 0.073022
2 0.597513 0.446633 0.077235 0.109756
2 0.617659 0.460408 0.053473 0.104246
2 0.667251 0.476996 0.107197 0.141095
2 0.831352 0.516270 0.285934 0.355561
2 0.489891 0.444184 0.016279 0.021593
2 0.469228 0.451531 0.020411 0.028940
3 0.274821 0.420612 0.154723 0.177715
2 0.150842 0.632879 0.301432 0.418765
2 0.939030 0.624317 0.120628 0.420164
2 0.452201 0.450265 0.014182 0.035801
2 0.437311 0.451589 0.020138 0.038448
8 0.426441 0.345441 0.009715 0.041095
8 0.410063 0.349412 0.006737 0.038448
8 0.483022 0.342794 0.009715 0.035801
8 0.500146 0.344118 0.008226 0.043742
