2 0.026955 0.571291 0.053083 0.128343
2 0.369760 0.513243 0.049401 0.074652
2 0.443354 0.513179 0.057106 0.072912
2 0.250242 0.523013 0.081245 0.096157
2 0.314110 0.516755 0.048054 0.076488
2 0.406140 0.518543 0.024920 0.044303
2 0.473528 0.520331 0.012851 0.029998
8 0.548963 0.430033 0.010839 0.024634
8 0.549969 0.375497 0.012851 0.047879
9 0.542425 0.282131 0.048054 0.022702
9 0.558518 0.401424 0.027938 0.013905
2 0.760682 0.483675 0.142598 0.092581
2 0.905517 0.480993 0.064146 0.072912
8 0.070707 0.481887 0.011845 0.035362
