9 0.230859 0.315416 0.094531 0.097222
9 0.278906 0.159167 0.026562 0.026389
9 0.304687 0.198750 0.014844 0.030556
4 0.529570 0.368097 0.023047 0.047695
2 0.546562 0.382916 0.017187 0.034722
2 0.560703 0.388004 0.026405 0.040730
2 0.573515 0.394375 0.021875 0.045139
2 0.598125 0.394906 0.047656 0.069077
2 0.511992 0.382916 0.030078 0.043056
9 0.799969 0.261556 0.019181 0.028668
2 0.933794 0.441545 0.130645 0.108298
2 0.189844 0.439583 0.026562 0.043056
2 0.173437 0.415625 0.021875 0.020139
2 0.171680 0.444791 0.041797 0.057639
3 0.093750 0.437153 0.139062 0.132639
2 0.015820 0.456589 0.032422 0.065163
9 0.978125 0.319097 0.014844 0.036806
