8 0.261133 0.440986 0.008972 0.018030
8 0.417922 0.157049 0.018332 0.165719
8 0.572372 0.457627 0.011312 0.018030
8 0.529664 0.470108 0.007802 0.018030
8 0.711025 0.477389 0.010142 0.015950
8 0.856114 0.550193 0.014822 0.020110
8 0.249432 0.535632 0.011312 0.020110
8 0.560086 0.559554 0.010142 0.018030
9 0.695814 0.552273 0.007802 0.024270
2 0.136520 0.602810 0.148210 0.081286
2 0.430133 0.593879 0.023114 0.041091
2 0.374045 0.592836 0.042904 0.047152
2 0.685898 0.605928 0.043377 0.056696
2 0.763093 0.638598 0.090877 0.088754
2 0.985991 0.742605 0.026523 0.130357
2 0.883025 0.663560 0.171611 0.163639
9 0.910522 0.564754 0.013652 0.024270
9 0.529664 0.539792 0.010142 0.028431
9 0.846753 0.514831 0.019502 0.036751
9 0.066316 0.341140 0.047584 0.055472
8 0.180398 0.364022 0.013652 0.047152
8 0.196194 0.366102 0.019502 0.051312
9 0.604926 0.550540 0.014822 0.009709
2 0.516323 0.634822 0.026603 0.095682
2 0.636709 0.781844 0.299479 0.359950
