9 0.326277 0.430955 0.015473 0.011183
9 0.450697 0.439934 0.025573 0.012816
9 0.506250 0.440750 0.009964 0.017713
9 0.532420 0.445647 0.021901 0.034037
9 0.531960 0.466052 0.019146 0.019345
9 0.765803 0.059583 0.026492 0.061788
9 0.836506 0.015508 0.083422 0.032405
9 0.797482 0.082437 0.045774 0.071582
9 0.796563 0.136306 0.040265 0.035669
9 0.792890 0.182830 0.097195 0.063420
8 0.430715 0.445414 0.007209 0.024243
8 0.868907 0.255005 0.032001 0.061788
8 0.831194 0.243345 0.040265 0.097701
8 0.286094 0.492754 0.011800 0.014448
2 0.212636 0.525168 0.026492 0.047096
2 0.086428 0.573377 0.093565 0.107600
2 0.021841 0.563763 0.044463 0.071582
2 0.518566 0.541917 0.075755 0.105313
2 0.546391 0.552297 0.058589 0.111772
2 0.627347 0.560149 0.141270 0.184218
2 0.289767 0.540560 0.063221 0.066685
2 0.409430 0.523389 0.032096 0.038502
9 0.144997 0.454317 0.013539 0.024069
2 0.481079 0.533085 0.023114 0.073349
2 0.461887 0.533085 0.022416 0.053498
