8 0.384484 0.490263 0.006776 0.022705
8 0.274074 0.492928 0.005777 0.024481
8 0.379488 0.489375 0.006776 0.028034
9 0.750682 0.433421 0.051739 0.036915
9 0.750682 0.363257 0.053738 0.099086
2 0.298055 0.566645 0.043746 0.051126
2 0.274074 0.569309 0.019766 0.049349
2 0.252592 0.566645 0.040748 0.090205
2 0.213125 0.574638 0.059733 0.123955
0 0.153174 0.634145 0.051739 0.317573
2 0.153174 0.602171 0.103697 0.175468
2 0.072340 0.600395 0.145462 0.338889
2 0.353198 0.577303 0.055359 0.090205
9 0.486899 0.526678 0.013771 0.038692
0 0.619290 0.586184 0.022763 0.100863
0 0.592812 0.587072 0.023762 0.095534
7 0.757676 0.673224 0.083713 0.139942
2 0.420454 0.584408 0.096702 0.168363
0 0.461920 0.568421 0.007775 0.036915
0 0.239741 0.579900 0.023260 0.079981
