2 0.507631 0.424583 0.015403 0.023918
2 0.492522 0.423716 0.022227 0.029117
2 0.481311 0.425449 0.019303 0.036049
2 0.469614 0.431515 0.019303 0.037782
2 0.451580 0.434981 0.024177 0.041248
2 0.429159 0.443646 0.028076 0.065510
2 0.398940 0.456643 0.059270 0.098436
2 0.360424 0.476209 0.048219 0.102365
2 0.299663 0.494062 0.108301 0.154576
2 0.146465 0.527696 0.224987 0.240542
2 0.012916 0.664602 0.026126 0.105368
2 0.545649 0.421983 0.021252 0.032583
2 0.560758 0.427182 0.020277 0.042981
2 0.575380 0.433248 0.024177 0.058578
2 0.593414 0.435847 0.027101 0.074175
2 0.649953 0.441046 0.103136 0.122698
2 0.776191 0.509500 0.218163 0.245741
8 0.543141 0.382991 0.013454 0.018719
