8 0.548618 0.475078 0.011328 0.027170
8 0.654746 0.541875 0.010010 0.024826
8 0.479405 0.478593 0.007373 0.029514
8 0.431284 0.473906 0.008691 0.029514
8 0.385801 0.469218 0.010010 0.029514
8 0.335704 0.463359 0.012646 0.041233
8 0.309336 0.463359 0.010010 0.027170
8 0.252647 0.458672 0.007373 0.031858
8 0.198594 0.448125 0.012646 0.029514
8 0.145860 0.444609 0.012646 0.031858
8 0.071373 0.446953 0.013965 0.036545
8 0.025889 0.517265 0.010010 0.022483
8 0.084556 0.458672 0.011328 0.041233
8 0.351524 0.441093 0.010010 0.029514
9 0.335265 0.509062 0.013523 0.043576
9 0.070713 0.506718 0.028467 0.052951
9 0.115570 0.514922 0.017855 0.027170
9 0.157725 0.514922 0.015283 0.031858
9 0.586192 0.539531 0.020557 0.038889
9 0.566022 0.531837 0.021344 0.018813
9 0.680454 0.457509 0.013965 0.034221
9 0.679803 0.516296 0.012630 0.043981
9 0.658701 0.455156 0.023193 0.038889
9 0.636029 0.453984 0.023713 0.041233
9 0.484019 0.506391 0.016602 0.014798
9 0.452495 0.507563 0.019005 0.012454
9 0.396067 0.501433 0.015845 0.009568
9 0.366685 0.502031 0.013965 0.020139
9 0.308677 0.500914 0.019238 0.012998
9 0.275718 0.500859 0.019238 0.017795
9 0.453697 0.530156 0.006055 0.020139
2 0.607285 0.592265 0.046924 0.050608
2 0.495884 0.554765 0.016602 0.027170
2 0.364707 0.546562 0.015283 0.020139
2 0.652769 0.599296 0.066699 0.059983
