8 0.239463 0.265312 0.017920 0.071701
8 0.400303 0.293437 0.015283 0.057639
8 0.260557 0.259453 0.015283 0.059983
8 0.414146 0.294609 0.011328 0.045920
9 0.469574 0.461015 0.029670 0.050608
9 0.410850 0.458672 0.015283 0.022483
9 0.509068 0.502031 0.011328 0.034201
9 0.547959 0.417656 0.025830 0.020139
9 0.553892 0.435234 0.021875 0.017795
2 0.118834 0.541875 0.069336 0.081076
2 0.522251 0.531328 0.058789 0.041233
2 0.575645 0.526553 0.046924 0.041406
2 0.423374 0.517265 0.021875 0.022483
2 0.224961 0.510234 0.031103 0.036545
2 0.466221 0.521953 0.020557 0.022483
2 0.779990 0.520781 0.041650 0.034201
2 0.745054 0.528984 0.050879 0.045920
2 0.701548 0.524297 0.048242 0.036545
2 0.817564 0.526640 0.045605 0.045920
2 0.884141 0.530156 0.062744 0.052951
2 0.954026 0.526511 0.089136 0.064413
2 0.076646 0.514922 0.069336 0.064670
2 0.027776 0.518437 0.056334 0.048264
