3 0.351190 0.437755 0.022305 0.044246
3 0.329235 0.443878 0.033498 0.050369
2 0.369700 0.449235 0.019723 0.027409
2 0.393033 0.449235 0.037803 0.065675
2 0.976770 0.438521 0.042108 0.044246
2 0.953094 0.491327 0.092905 0.131491
2 0.095646 0.536807 0.192073 0.344645
2 0.426611 0.480612 0.072242 0.103940
8 0.419292 0.386862 0.010252 0.018226
8 0.470520 0.415944 0.007669 0.015164
8 0.487309 0.424362 0.008530 0.016695
4 0.291438 0.429720 0.036942 0.045777
8 0.287133 0.417475 0.007669 0.021287
9 0.805745 0.201932 0.042108 0.115748
9 0.812984 0.074952 0.084138 0.151293
2 0.552958 0.455740 0.024027 0.028940
