9 0.263673 0.166211 0.027867 0.041851
9 0.304873 0.131631 0.033065 0.015113
9 0.324875 0.172805 0.088509 0.075003
9 0.394356 0.152218 0.026749 0.013866
9 0.388039 0.177172 0.039382 0.036324
9 0.430453 0.235189 0.017625 0.027590
9 0.431506 0.261391 0.009905 0.012618
9 0.536077 0.190896 0.009905 0.026343
9 0.386121 0.271372 0.007098 0.007627
2 0.383898 0.291959 0.007800 0.013866
2 0.390917 0.296326 0.007800 0.032581
2 0.401093 0.297574 0.022538 0.040067
2 0.378284 0.296950 0.009203 0.028838
2 0.370564 0.303812 0.010607 0.050049
2 0.347403 0.288216 0.042891 0.093718
9 0.323892 0.228951 0.009905 0.017609
2 0.411971 0.313794 0.016221 0.065021
2 0.444606 0.322528 0.074473 0.097461
2 0.221777 0.378466 0.284319 0.374032
2 0.575497 0.391151 0.240805 0.271306
