2 0.023912 0.472734 0.048242 0.144358
0 0.062234 0.460544 0.013423 0.072477
6 0.079761 0.471875 0.017920 0.052951
0 0.113379 0.470703 0.011328 0.059983
0 0.129199 0.459560 0.019238 0.063518
8 0.177978 0.392187 0.021875 0.029514
9 0.196191 0.383749 0.013476 0.017325
2 0.280151 0.466015 0.052197 0.059983
9 0.379648 0.399218 0.017555 0.015451
2 0.442968 0.466015 0.127344 0.200608
9 0.493066 0.391015 0.016602 0.031858
9 0.537541 0.285863 0.043668 0.020288
8 0.487249 0.277734 0.012416 0.036545
8 0.496362 0.278125 0.010010 0.038889
2 0.510205 0.446875 0.016602 0.048264
2 0.518774 0.453125 0.015283 0.048264
2 0.528003 0.456640 0.012646 0.041233
2 0.546460 0.460156 0.036377 0.052951
2 0.659838 0.467187 0.120752 0.151389
2 0.721142 0.507031 0.135254 0.170139
2 0.870068 0.498828 0.259083 0.411545
8 0.590147 0.318750 0.012646 0.029514
9 0.592783 0.344531 0.020557 0.020139
8 0.598716 0.390234 0.024512 0.031858
8 0.704185 0.344531 0.016602 0.029514
9 0.700481 0.309865 0.019535 0.024557
9 0.146519 0.201562 0.029785 0.038889
8 0.203936 0.204904 0.027060 0.054947
9 0.005871 0.314393 0.012523 0.024830
