8 0.510713 0.445466 0.010345 0.026893
8 0.567619 0.445466 0.009389 0.020092
8 0.612091 0.458218 0.008432 0.021792
9 0.746942 0.451417 0.018953 0.021792
9 0.697529 0.457085 0.006520 0.016691
9 0.534464 0.479188 0.007476 0.016691
9 0.611453 0.476638 0.010345 0.011590
9 0.824888 0.413728 0.009389 0.055797
2 0.510235 0.516877 0.051470 0.076200
2 0.452852 0.517727 0.064860 0.108505
2 0.723989 0.523678 0.010345 0.025192
2 0.397859 0.540114 0.105984 0.110205
2 0.554867 0.499308 0.017040 0.014991
2 0.742639 0.527362 0.026604 0.037094
1 0.627553 0.534729 0.028517 0.122107
1 0.690675 0.522403 0.018953 0.075350
7 0.625162 0.565617 0.019909 0.083001
7 0.691631 0.580070 0.018953 0.050696
8 0.700398 0.486839 0.010345 0.018391
9 0.383687 0.268587 0.012258 0.057497
