8 0.545982 0.278203 0.011328 0.031858
8 0.468199 0.328594 0.008691 0.029514
8 0.503135 0.342656 0.010010 0.020139
8 0.403599 0.252422 0.008691 0.027170
8 0.258024 0.326386 0.012854 0.033929
9 0.659361 0.288750 0.013965 0.029514
9 0.609263 0.293437 0.016602 0.024826
9 0.868320 0.323906 0.020557 0.048264
0 0.124107 0.388359 0.021875 0.083420
0 0.097740 0.386015 0.021875 0.102170
0 0.066099 0.388359 0.021875 0.102170
0 0.039732 0.377812 0.024512 0.095139
0 0.202549 0.393047 0.020557 0.092795
0 0.184092 0.371953 0.015283 0.031858
0 0.170909 0.366093 0.012646 0.034201
0 0.163658 0.369609 0.016602 0.031858
0 0.149156 0.376640 0.021875 0.069358
0 0.137950 0.376640 0.017920 0.074045
0 0.886777 0.451640 0.025830 0.102170
0 0.840635 0.438750 0.017920 0.071701
0 0.824814 0.431718 0.023193 0.048264
0 0.807017 0.412968 0.019238 0.048264
0 0.795811 0.414140 0.017920 0.031858
0 0.785923 0.408281 0.013965 0.043576
0 0.776035 0.422343 0.015283 0.048264
0 0.764170 0.416484 0.017920 0.050608
1 0.383824 0.387187 0.013965 0.062326
7 0.382505 0.407109 0.019238 0.055295
1 0.980901 0.472734 0.037417 0.177170
7 0.959148 0.525468 0.080923 0.179514
2 0.931602 0.482109 0.083838 0.177170
2 0.368003 0.386015 0.024512 0.036545
2 0.348228 0.376640 0.021875 0.045920
2 0.332408 0.384843 0.027148 0.057639
2 0.422056 0.378984 0.016602 0.022483
2 0.449082 0.393047 0.025830 0.059983
2 0.441172 0.373125 0.033740 0.067014
2 0.478086 0.411797 0.068018 0.106858
2 0.703526 0.434696 0.094385 0.107933
2 0.219688 0.391875 0.031103 0.071701
2 0.405576 0.374297 0.020557 0.036545
2 0.280332 0.400953 0.102295 0.102170
2 0.578941 0.509062 0.214355 0.268576
2 0.010638 0.490312 0.022056 0.146701
9 0.153590 0.271397 0.021052 0.045211
