8 0.172298 0.180712 0.023593 0.078227
8 0.502761 0.413360 0.016989 0.035539
8 0.661539 0.322648 0.017590 0.063286
8 0.636027 0.294901 0.033798 0.105974
9 0.730273 0.186047 0.055408 0.101705
9 0.751884 0.212727 0.065013 0.082496
9 0.087056 0.457648 0.025994 0.034472
9 0.050738 0.491799 0.018190 0.034472
2 0.131465 0.498380 0.027795 0.024867
2 0.175287 0.509585 0.019390 0.023800
2 0.115857 0.517055 0.028995 0.028069
2 0.023862 0.526629 0.048505 0.083625
2 0.702947 0.530395 0.206683 0.112377
2 0.229626 0.524994 0.092627 0.087606
9 0.664215 0.460663 0.019976 0.052574
9 0.514260 0.450000 0.015177 0.039777
9 0.490267 0.472393 0.012778 0.054706
9 0.169910 0.125430 0.015859 0.032317
8 0.934794 0.189691 0.047173 0.125100
