9 0.647928 0.303938 0.043830 0.084042
9 0.065912 0.256489 0.042108 0.090164
9 0.574267 0.358419 0.012835 0.024348
9 0.566088 0.409694 0.015418 0.028940
9 0.572545 0.443368 0.012835 0.028940
0 0.241359 0.422959 0.012835 0.041185
0 0.625064 0.465817 0.036942 0.157511
0 0.658642 0.467347 0.033498 0.154450
2 0.397816 0.336081 0.098071 0.035062
2 0.267379 0.438632 0.064493 0.126899
2 0.215290 0.445520 0.039525 0.039654
2 0.845090 0.406489 0.076547 0.111593
2 0.789127 0.408020 0.129927 0.123838
2 0.126802 0.567608 0.254385 0.466227
2 0.407717 0.598666 0.383052 0.495947
