8 0.310861 0.618837 0.010142 0.020110
8 0.413827 0.590755 0.010142 0.022190
8 0.363514 0.617797 0.012482 0.022190
9 0.492807 0.559554 0.020672 0.030511
9 0.470575 0.614677 0.018332 0.049232
9 0.120139 0.653159 0.019502 0.026350
9 0.189174 0.653159 0.019502 0.013870
8 0.333092 0.665640 0.010142 0.018030
2 0.567106 0.631318 0.038223 0.028431
2 0.542535 0.637558 0.028863 0.032591
2 0.512698 0.644839 0.030033 0.030511
2 0.354738 0.678121 0.011312 0.018030
2 0.368779 0.677081 0.015992 0.020110
2 0.385745 0.673960 0.019502 0.022190
2 0.313786 0.688521 0.027693 0.022190
2 0.292140 0.692682 0.028863 0.034671
2 0.099078 0.709323 0.040564 0.038831
2 0.164017 0.726657 0.032373 0.036058
8 0.188003 0.699962 0.007802 0.020110
2 0.136520 0.735671 0.024183 0.030511
