2 0.323752 0.538369 0.022576 0.025860
2 0.384548 0.550604 0.022576 0.034017
2 0.450042 0.543467 0.026017 0.031978
2 0.480440 0.555702 0.034047 0.031978
2 0.511985 0.555702 0.026017 0.023821
2 0.551560 0.559781 0.029459 0.023821
2 0.579664 0.562840 0.042077 0.034017
9 0.520015 0.526133 0.014546 0.025860
9 0.505659 0.439400 0.030606 0.038096
9 0.539498 0.446537 0.043224 0.044214
9 0.296888 0.546462 0.012252 0.031978
2 0.415794 0.565472 0.035168 0.042144
2 0.347737 0.569293 0.033735 0.039596
2 0.345588 0.542548 0.020840 0.021766
