9 0.242412 0.249758 0.027410 0.112393
9 0.252972 0.342805 0.032001 0.069950
9 0.158394 0.170586 0.063221 0.078112
9 0.475642 0.297098 0.048529 0.020978
9 0.956335 0.330562 0.024655 0.019345
9 0.864053 0.322400 0.045774 0.019345
9 0.761303 0.436669 0.010882 0.016081
9 0.759926 0.449728 0.013636 0.009551
9 0.804460 0.443198 0.009045 0.022610
8 0.533032 0.284855 0.011800 0.050361
8 0.774067 0.306892 0.009045 0.035669
8 0.627150 0.437485 0.005372 0.017713
8 0.234214 0.491121 0.023737 0.043831
8 0.520789 0.282950 0.012718 0.053626
8 0.973628 0.432044 0.015473 0.020978
2 0.261695 0.548489 0.073321 0.213602
0 0.146457 0.466868 0.030165 0.076480
2 0.640464 0.490946 0.016391 0.022610
2 0.698772 0.496660 0.019146 0.034037
2 0.722187 0.497476 0.036592 0.038934
2 0.745142 0.498292 0.023737 0.037302
3 0.783708 0.488498 0.070567 0.069950
2 0.805286 0.505638 0.045774 0.045464
2 0.834211 0.511351 0.041183 0.047096
2 0.880428 0.509311 0.080667 0.073215
2 0.442689 0.588288 0.418781 0.540128
2 0.669848 0.494619 0.037510 0.045464
