9 0.128715 0.538776 0.033498 0.062613
9 0.847077 0.425393 0.015418 0.041185
9 0.856548 0.468250 0.017140 0.044246
9 0.746343 0.555495 0.015418 0.028940
9 0.856978 0.643505 0.014557 0.061083
8 0.413983 0.594898 0.008530 0.019756
8 0.498358 0.604592 0.008530 0.016695
8 0.524618 0.595408 0.011113 0.016695
8 0.559056 0.606888 0.009391 0.018226
0 0.254847 0.670408 0.011113 0.033532
0 0.652185 0.651276 0.007669 0.016695
0 0.662516 0.661225 0.011113 0.042715
0 0.681458 0.665051 0.016279 0.068736
0 0.886799 0.686735 0.038664 0.163634
7 0.878476 0.732909 0.052439 0.103940
0 0.336824 0.671392 0.006808 0.024348
0 0.312286 0.669097 0.007669 0.025879
0 0.319174 0.669097 0.007669 0.035062
0 0.329095 0.674235 0.010252 0.033532
3 0.327025 0.654337 0.063632 0.042715
2 0.312389 0.672959 0.030915 0.035062
2 0.276658 0.674490 0.038664 0.044246
2 0.230166 0.679847 0.048996 0.048838
2 0.189700 0.688266 0.043830 0.053430
2 0.150198 0.695117 0.050512 0.059552
2 0.090463 0.701239 0.070520 0.062613
0 0.113422 0.659847 0.012835 0.027409
0 0.014410 0.682041 0.009391 0.019756
0 0.023020 0.682041 0.009391 0.022817
2 0.041101 0.714184 0.055883 0.059552
2 0.485033 0.654009 0.011974 0.013634
2 0.593516 0.663958 0.013696 0.018226
2 0.552620 0.663958 0.011113 0.018226
2 0.497087 0.663193 0.036081 0.025879
9 0.448442 0.618805 0.009391 0.016695
2 0.417447 0.660897 0.014557 0.024348
2 0.388605 0.661662 0.036081 0.032001
2 0.463232 0.653062 0.038151 0.064654
2 0.529783 0.662500 0.028332 0.042715
2 0.572258 0.678426 0.044404 0.074567
2 0.635826 0.696014 0.061910 0.085309
9 0.643144 0.610168 0.014557 0.033532
