9 0.472272 0.397393 0.034371 0.018450
9 0.448879 0.421919 0.085956 0.046176
9 0.333114 0.418720 0.101551 0.061104
2 0.370303 0.553080 0.017576 0.022716
2 0.346909 0.573341 0.045168 0.063237
2 0.226345 0.589336 0.067961 0.082431
2 0.174761 0.557346 0.029573 0.031247
2 0.141770 0.593601 0.083557 0.078166
2 0.063387 0.698104 0.127556 0.312763
2 0.424286 0.627947 0.159134 0.219369
3 0.054990 0.466706 0.110761 0.327692
9 0.221547 0.397393 0.017576 0.018450
9 0.182558 0.431516 0.097952 0.061104
9 0.107581 0.430450 0.048767 0.071768
2 0.292926 0.592535 0.090755 0.110157
