9 0.711317 0.214891 0.019303 0.029117
9 0.715217 0.143838 0.031000 0.070709
8 0.467908 0.347465 0.010529 0.013520
8 0.417705 0.286810 0.013454 0.020452
8 0.425991 0.350064 0.008580 0.015253
2 0.479508 0.386457 0.023202 0.032583
2 0.500466 0.399455 0.022227 0.051646
2 0.517525 0.409853 0.036849 0.072442
2 0.553593 0.423716 0.056345 0.138295
2 0.624657 0.435847 0.154801 0.204149
2 0.771433 0.520270 0.311978 0.295009
2 0.285131 0.420424 0.027101 0.105368
2 0.249551 0.429089 0.065119 0.136562
2 0.137448 0.444686 0.176247 0.195484
2 0.022055 0.539332 0.041723 0.186819
2 0.889495 0.694037 0.215239 0.462561
2 0.346283 0.362910 0.108463 0.235039
8 0.470000 0.298478 0.007610 0.023241
8 0.396931 0.298478 0.008976 0.023241
8 0.405707 0.353184 0.007760 0.016277
