1 0.292198 0.575859 0.031103 0.097483
6 0.286924 0.605156 0.031103 0.076389
2 0.360093 0.573515 0.019238 0.031858
2 0.370640 0.577031 0.019238 0.029514
2 0.385801 0.581718 0.031103 0.085764
3 0.253965 0.574687 0.057471 0.076389
3 0.473472 0.560625 0.048242 0.113889
2 0.501157 0.581718 0.016602 0.048264
2 0.175523 0.585234 0.093066 0.083420
2 0.126744 0.567656 0.021875 0.020139
2 0.331089 0.578203 0.029785 0.036545
2 0.557847 0.584062 0.056152 0.076389
2 0.426011 0.616875 0.103613 0.142014
2 0.766148 0.611015 0.180078 0.181858
2 0.072600 0.632109 0.145982 0.397482
