2 0.112103 0.608453 0.224987 0.328924
2 0.213483 0.584885 0.033925 0.107101
2 0.232004 0.573620 0.022227 0.036049
2 0.251988 0.588351 0.034900 0.072442
2 0.397942 0.586679 0.023431 0.045201
2 0.346259 0.581139 0.012290 0.025423
2 0.291955 0.604814 0.091438 0.108834
2 0.368443 0.591169 0.047504 0.071146
2 0.447404 0.589195 0.067002 0.111058
2 0.961063 0.507073 0.050496 0.039515
2 0.764152 0.497542 0.052446 0.034316
2 0.704201 0.507940 0.030026 0.027384
2 0.662284 0.506207 0.037824 0.034316
2 0.337825 0.579620 0.011834 0.029692
2 0.410358 0.586919 0.010967 0.031786
2 0.418726 0.585302 0.010967 0.025965
2 0.413338 0.560819 0.009097 0.014324
2 0.421307 0.558047 0.009097 0.013708
2 0.404330 0.560511 0.009789 0.014940
2 0.389778 0.557123 0.011868 0.014324
2 0.866578 0.500150 0.076970 0.052558
