3 0.446902 0.523107 0.022280 0.026180
2 0.464249 0.529687 0.008164 0.018264
2 0.435773 0.532500 0.012383 0.016389
2 0.422530 0.531999 0.013483 0.016159
2 0.368800 0.528750 0.013437 0.020139
2 0.312901 0.529687 0.019766 0.029514
3 0.149425 0.535312 0.140000 0.108264
2 0.473214 0.534375 0.007109 0.020139
2 0.480148 0.536105 0.012540 0.027349
2 0.485693 0.542294 0.009572 0.022731
2 0.493023 0.541602 0.009679 0.038344
2 0.500943 0.544803 0.014605 0.040996
2 0.506437 0.550312 0.012383 0.037014
2 0.531222 0.551250 0.038750 0.053889
2 0.541769 0.560625 0.040859 0.057639
2 0.581847 0.562500 0.064062 0.091389
2 0.638800 0.582187 0.102031 0.134514
2 0.867525 0.667500 0.264169 0.323889
2 0.448193 0.530653 0.011695 0.017557
