2 0.194148 0.567459 0.027560 0.047296
2 0.144893 0.574260 0.085900 0.118706
2 0.346214 0.561508 0.010345 0.018391
2 0.356734 0.559808 0.014171 0.025192
2 0.372993 0.564059 0.025647 0.040495
2 0.400250 0.559808 0.017040 0.031993
2 0.494455 0.558958 0.027560 0.026893
2 0.506410 0.570860 0.026604 0.060898
2 0.520277 0.577661 0.037124 0.077900
2 0.819905 0.619572 0.359408 0.392447
2 0.065991 0.588968 0.132763 0.137409
2 0.962025 0.793775 0.075169 0.361842
2 0.326927 0.558858 0.024691 0.038711
2 0.440737 0.595710 0.087813 0.121430
2 0.558852 0.582620 0.071554 0.096603
9 0.399952 0.485929 0.013893 0.023373
9 0.383354 0.485989 0.013214 0.023492
9 0.542434 0.503846 0.011302 0.021800
9 0.503222 0.502141 0.009389 0.014991
9 0.661345 0.385957 0.015127 0.042195
9 0.238620 0.505825 0.009389 0.020092
9 0.208015 0.490523 0.020865 0.020092
9 0.187931 0.489673 0.018953 0.018391
9 0.392280 0.533029 0.009389 0.020092
9 0.382238 0.556833 0.012258 0.026893
9 0.513742 0.516877 0.009389 0.021792
9 0.300307 0.516027 0.012258 0.026893
9 0.113332 0.433564 0.020865 0.069399
0 0.595354 0.565617 0.015127 0.048996
