0 0.131112 0.377792 0.019303 0.105368
2 0.017547 0.480905 0.035874 0.211081
2 0.971783 0.530295 0.055170 0.250940
9 0.326073 0.246951 0.017353 0.010054
9 0.334846 0.256483 0.019303 0.011787
9 0.383587 0.279012 0.013454 0.011787
9 0.838822 0.086650 0.027101 0.070709
9 0.830536 0.008665 0.045622 0.018719
9 0.565876 0.268614 0.013454 0.008321
9 0.573187 0.256483 0.012479 0.008321
8 0.418193 0.219223 0.006630 0.030850
8 0.511287 0.228755 0.007605 0.025651
8 0.409907 0.219223 0.007605 0.030850
8 0.504463 0.230488 0.007605 0.025651
8 0.324611 0.295475 0.010529 0.016986
2 0.313401 0.369994 0.077791 0.086305
2 0.642398 0.354397 0.100212 0.107101
2 0.580498 0.338800 0.060245 0.079374
2 0.259786 0.359596 0.048547 0.044714
2 0.358242 0.354397 0.042698 0.075908
2 0.382125 0.347465 0.031975 0.068976
2 0.542481 0.336200 0.023202 0.042981
2 0.543455 0.336200 0.023202 0.029117
2 0.520060 0.337933 0.011504 0.025651
2 0.433302 0.342266 0.019303 0.037782
2 0.447437 0.345732 0.010529 0.020452
2 0.459134 0.340533 0.010529 0.023918
2 0.476681 0.343132 0.010529 0.022185
2 0.496177 0.338800 0.012479 0.016986
3 0.479605 0.327535 0.020277 0.018719
2 0.518598 0.335334 0.020277 0.027384
2 0.514211 0.333601 0.011504 0.027384
