2 0.434256 0.428685 0.035194 0.052371
2 0.446491 0.443746 0.015693 0.054410
2 0.392578 0.445785 0.059283 0.070724
2 0.570908 0.412243 0.008811 0.034636
2 0.582766 0.416216 0.011105 0.031978
2 0.589605 0.417032 0.020282 0.042174
2 0.602223 0.422130 0.024870 0.052371
2 0.628033 0.433346 0.048959 0.066646
2 0.509100 0.433234 0.120079 0.275632
2 0.187341 0.553414 0.373586 0.588700
2 0.355107 0.435968 0.014546 0.023821
0 0.751044 0.445785 0.016841 0.066646
0 0.725235 0.440483 0.017988 0.058489
0 0.812229 0.423673 0.036374 0.073811
8 0.358739 0.285498 0.012252 0.034017
8 0.593893 0.255929 0.012252 0.040135
8 0.582422 0.256949 0.009958 0.038096
8 0.602496 0.255929 0.008811 0.040135
8 0.703741 0.358912 0.012252 0.023821
9 0.688638 0.257288 0.021429 0.027899
9 0.699999 0.314048 0.017988 0.017703
2 0.882157 0.541427 0.233641 0.607054
