9 0.267874 0.395368 0.015437 0.031166
9 0.340195 0.343009 0.094120 0.088830
9 0.375701 0.403791 0.028373 0.039777
9 0.403142 0.410189 0.018474 0.026981
9 0.450721 0.356286 0.089413 0.086997
2 0.317424 0.470430 0.021020 0.027443
2 0.384698 0.467772 0.012778 0.018450
2 0.395495 0.468839 0.015177 0.016318
2 0.433884 0.479502 0.019976 0.033379
2 0.411690 0.492298 0.042769 0.063237
2 0.475271 0.505094 0.064362 0.088830
9 0.501649 0.432583 0.014006 0.020583
2 0.159359 0.527488 0.319499 0.372479
4 0.645621 0.474170 0.138740 0.146412
2 0.801574 0.552014 0.105150 0.076033
2 0.875353 0.562677 0.077558 0.088830
2 0.955280 0.576540 0.088658 0.125085
