8 0.288545 0.343750 0.008691 0.035764
8 0.651533 0.325000 0.006934 0.045139
8 0.298213 0.346875 0.008691 0.035764
8 0.645999 0.325781 0.011685 0.043576
8 0.698994 0.389844 0.010449 0.040451
8 0.782051 0.419531 0.016602 0.027951
8 0.701631 0.428906 0.008691 0.027951
8 0.194941 0.256250 0.018359 0.045139
8 0.123750 0.264062 0.014844 0.048264
8 0.108809 0.268750 0.014844 0.045139
9 0.149238 0.264844 0.014844 0.027951
9 0.192305 0.303125 0.032422 0.020139
9 0.019600 0.421875 0.019238 0.026389
9 0.774175 0.282812 0.030733 0.048264
9 0.786445 0.344531 0.025391 0.018576
9 0.772822 0.381250 0.019238 0.045139
9 0.800947 0.374219 0.013965 0.018576
2 0.306123 0.478125 0.040332 0.101389
2 0.213398 0.492187 0.187109 0.263889
4 0.921316 0.489687 0.096499 0.068264
2 0.767109 0.560156 0.232812 0.265451
2 0.070664 0.653906 0.142109 0.402951
9 0.032344 0.474219 0.014844 0.018576
2 0.484980 0.489844 0.336523 0.640451
2 0.984197 0.498515 0.030825 0.064670
2 0.053575 0.473906 0.054834 0.038889
