8 0.497501 0.320365 0.018007 0.074120
8 0.514726 0.323555 0.016572 0.072844
8 0.316116 0.541021 0.009394 0.014149
8 0.277358 0.586319 0.006523 0.012873
8 0.421624 0.548677 0.007959 0.011597
8 0.755581 0.532089 0.012265 0.029461
8 0.732614 0.535917 0.006523 0.021805
8 0.048038 0.544029 0.008676 0.012873
9 0.737381 0.494630 0.033080 0.025633
9 0.640486 0.596344 0.027338 0.035841
9 0.604240 0.606917 0.026620 0.035841
9 0.487196 0.541203 0.010112 0.019253
9 0.491861 0.556515 0.006523 0.009045
9 0.487555 0.566723 0.010830 0.009045
9 0.472841 0.573741 0.010112 0.010321
9 0.281767 0.573741 0.010830 0.010321
8 0.345390 0.569366 0.005805 0.012873
2 0.269155 0.619112 0.025185 0.029461
2 0.242239 0.617198 0.033080 0.043497
2 0.199175 0.628682 0.050306 0.053705
2 0.303815 0.616212 0.021718 0.026203
