9 0.759806 0.249251 0.041247 0.025879
8 0.774873 0.303588 0.023166 0.042715
8 0.746461 0.299761 0.014557 0.038124
2 0.974618 0.470424 0.048996 0.079450
2 0.022816 0.416088 0.046413 0.105471
2 0.044927 0.373230 0.052439 0.062613
9 0.454449 0.306123 0.015418 0.032001
9 0.459614 0.339031 0.011974 0.015164
3 0.298142 0.368878 0.024888 0.044246
2 0.312532 0.378061 0.008530 0.016695
2 0.298757 0.379592 0.015418 0.025879
2 0.289286 0.383419 0.017140 0.030471
2 0.281968 0.387245 0.014557 0.035062
9 0.258721 0.339796 0.011113 0.016695
9 0.233753 0.332908 0.016279 0.027409
2 0.258291 0.379592 0.032637 0.062613
2 0.243654 0.391072 0.036081 0.058022
2 0.338361 0.378061 0.008530 0.013634
2 0.346110 0.381888 0.011974 0.024348
2 0.353859 0.384184 0.015418 0.028940
2 0.358594 0.391072 0.012835 0.027409
2 0.370647 0.391072 0.023166 0.048838
2 0.372369 0.394133 0.019723 0.039654
2 0.383132 0.397194 0.022305 0.061083
2 0.394755 0.401786 0.033498 0.073328
2 0.208785 0.407143 0.058466 0.074858
2 0.434864 0.414572 0.078417 0.108085
