2 0.220403 0.633857 0.131213 0.163455
2 0.763644 0.685753 0.193357 0.268475
2 0.539655 0.632336 0.095020 0.151929
2 0.309521 0.622624 0.060876 0.074231
2 0.364835 0.601985 0.048584 0.066946
2 0.434490 0.599557 0.029463 0.032954
4 0.656430 0.576515 0.129165 0.181017
4 0.582677 0.572849 0.030828 0.081515
4 0.494005 0.569736 0.026596 0.048234
4 0.520974 0.550888 0.031366 0.019132
8 0.466927 0.497752 0.007952 0.030526
8 0.425100 0.508678 0.006244 0.028098
8 0.417675 0.507505 0.007826 0.028664
8 0.557786 0.506008 0.006244 0.020813
8 0.401824 0.554044 0.011349 0.014908
8 0.423443 0.551786 0.009969 0.015248
4 0.837360 0.573620 0.022227 0.039515
