2 0.369800 0.472851 0.023193 0.034201
4 0.336181 0.448242 0.048242 0.097483
2 0.286399 0.469018 0.072603 0.153097
2 0.245157 0.502663 0.091656 0.150245
2 0.130517 0.550195 0.232812 0.273264
2 0.015187 0.606958 0.029785 0.402170
2 0.553051 0.510156 0.031103 0.099826
2 0.584509 0.516216 0.091383 0.162706
2 0.715209 0.542187 0.249951 0.295139
2 0.423282 0.425201 0.064213 0.102649
2 0.465569 0.517968 0.174805 0.273264
1 0.941176 0.532031 0.054834 0.109201
1 0.893715 0.541406 0.052197 0.179514
7 0.897473 0.584179 0.070654 0.130295
7 0.944933 0.584179 0.054834 0.125608
7 0.847573 0.606328 0.039014 0.088108
9 0.835707 0.251953 0.036377 0.045920
8 0.371447 0.411298 0.009391 0.019756
2 0.038313 0.461480 0.049857 0.070266
