9 0.667060 0.320134 0.030032 0.041155
9 0.435656 0.445751 0.011009 0.014644
8 0.242180 0.463425 0.005083 0.017703
8 0.231447 0.465159 0.006517 0.013625
8 0.267581 0.470767 0.005370 0.014644
9 0.309794 0.474641 0.013399 0.008526
2 0.301764 0.501152 0.012252 0.014644
2 0.306352 0.505740 0.012252 0.007507
2 0.310654 0.511348 0.011679 0.018723
2 0.287999 0.498093 0.008811 0.010566
2 0.283124 0.504211 0.009384 0.010566
2 0.280256 0.519505 0.011679 0.018723
2 0.293734 0.532251 0.035194 0.046253
2 0.267925 0.522054 0.015693 0.029939
2 0.268498 0.503701 0.017988 0.029939
2 0.349970 0.527044 0.031696 0.048508
2 0.252726 0.525113 0.025444 0.042174
2 0.217166 0.507270 0.009384 0.016683
2 0.192790 0.506250 0.013399 0.016683
2 0.202827 0.512878 0.012826 0.019742
2 0.169562 0.517466 0.017414 0.024841
2 0.154363 0.515427 0.008811 0.022801
2 0.066753 0.510516 0.019420 0.024466
2 0.091846 0.513387 0.016841 0.022801
2 0.105611 0.511348 0.016841 0.016683
2 0.106880 0.522467 0.024365 0.033748
2 0.229158 0.537873 0.047812 0.057469
2 0.368816 0.556736 0.052974 0.070724
2 0.310028 0.563874 0.067313 0.097235
0 0.392905 0.528789 0.008237 0.035037
