8 0.322857 0.235121 0.011328 0.055023
8 0.990698 0.321875 0.017823 0.052951
8 0.547119 0.018359 0.019238 0.031858
8 0.523388 0.023047 0.024512 0.036545
9 0.768839 0.044355 0.155875 0.088536
9 0.934057 0.141797 0.025830 0.031858
9 0.979492 0.158203 0.040235 0.041233
9 0.941308 0.222656 0.029785 0.048264
9 0.743206 0.340497 0.021179 0.037583
9 0.310662 0.289866 0.016928 0.015876
9 0.333177 0.281709 0.018503 0.015778
8 0.311133 0.324261 0.016602 0.031162
7 0.988720 0.568945 0.021778 0.100998
2 0.284765 0.447656 0.122070 0.151389
2 0.151611 0.471093 0.256543 0.273264
2 0.746030 0.549915 0.198214 0.207619
1 0.987006 0.515625 0.025206 0.170139
8 0.968993 0.314062 0.024512 0.057639
