2 0.210071 0.706194 0.418974 0.481428
2 0.393610 0.580479 0.145477 0.282280
9 0.445000 0.569288 0.031000 0.082840
2 0.461572 0.519031 0.046597 0.134829
3 0.931429 0.590084 0.132380 0.127897
2 0.865268 0.578991 0.030791 0.065905
2 0.786183 0.516695 0.132380 0.220273
9 0.174491 0.202760 0.045622 0.046447
9 0.179852 0.102247 0.050496 0.178154
9 0.698937 0.487837 0.016378 0.013520
2 0.507948 0.534326 0.041957 0.046054
2 0.631456 0.542364 0.026565 0.032458
8 0.658970 0.446245 0.004680 0.023918
8 0.509337 0.421117 0.005655 0.018719
8 0.653609 0.443646 0.007605 0.025651
8 0.703324 0.512966 0.013454 0.022185
0 0.670668 0.544159 0.012479 0.042981
2 0.545678 0.521420 0.033495 0.032163
8 0.559052 0.479172 0.007605 0.020452
2 0.567269 0.528122 0.018229 0.023721
2 0.582274 0.526261 0.017531 0.024962
2 0.606700 0.528743 0.017531 0.032406
2 0.619611 0.533085 0.025207 0.033647
2 0.506203 0.513234 0.038467 0.028684
