9 0.044700 0.378452 0.018901 0.010174
9 0.414504 0.451662 0.018901 0.013103
9 0.838255 0.308902 0.029608 0.017495
9 0.816429 0.300117 0.012312 0.014567
9 0.825077 0.244477 0.031255 0.081920
2 0.676826 0.496321 0.008194 0.020424
2 0.691651 0.499981 0.011488 0.033601
2 0.703182 0.506570 0.013136 0.043851
2 0.712653 0.501445 0.017254 0.042387
2 0.735303 0.509499 0.044433 0.055565
2 0.596111 0.500713 0.014783 0.035066
2 0.504278 0.494856 0.012312 0.020424
2 0.494395 0.494124 0.013959 0.021888
2 0.482452 0.497053 0.014783 0.018959
2 0.467627 0.491196 0.027961 0.030673
2 0.468863 0.491928 0.023843 0.026280
2 0.432623 0.498517 0.018901 0.018959
2 0.393913 0.496321 0.027137 0.029209
2 0.370852 0.500713 0.022195 0.029209
2 0.362204 0.492660 0.006547 0.016031
2 0.347379 0.497785 0.032902 0.035066
2 0.319788 0.503642 0.037020 0.029209
2 0.283961 0.501445 0.042786 0.042387
2 0.257193 0.498517 0.022195 0.039458
2 0.232073 0.502910 0.049375 0.045315
2 0.181832 0.506570 0.051022 0.043851
2 0.136533 0.510231 0.055964 0.054100
2 0.064879 0.510231 0.067494 0.051172
9 0.136121 0.366738 0.093026 0.124382
2 0.013290 0.508766 0.027362 0.074599
2 0.578404 0.510963 0.040315 0.061421
2 0.530222 0.502177 0.042786 0.058493
3 0.138180 0.464108 0.113617 0.052636
3 0.057878 0.485339 0.073260 0.027745
0 0.968386 0.517552 0.018077 0.059957
2 0.786779 0.510231 0.032079 0.027745
2 0.764541 0.492660 0.022195 0.030673
