9 0.376759 0.486729 0.024207 0.041299
9 0.377247 0.527506 0.027135 0.049975
9 0.256704 0.449421 0.088627 0.074268
9 0.150801 0.445083 0.079842 0.079474
9 0.059052 0.571754 0.019326 0.027417
9 0.327956 0.523168 0.012494 0.023947
9 0.267440 0.550932 0.016398 0.017006
8 0.306483 0.563078 0.008590 0.023947
8 0.245967 0.548329 0.006638 0.022211
8 0.102486 0.537917 0.008590 0.025682
9 0.091750 0.531844 0.016398 0.023947
8 0.019033 0.530977 0.009566 0.029152
0 0.075645 0.628149 0.011518 0.043034
0 0.064908 0.627281 0.009566 0.044769
0 0.051731 0.622943 0.014446 0.049975
2 0.039530 0.624678 0.021279 0.046505
2 0.108831 0.617737 0.044704 0.049975
2 0.214733 0.607326 0.008590 0.015271
2 0.224982 0.608194 0.011518 0.020476
2 0.234254 0.609929 0.012494 0.023947
2 0.267928 0.587371 0.021279 0.017006
2 0.257680 0.612532 0.035919 0.032623
2 0.250359 0.616870 0.013470 0.017006
2 0.274273 0.626414 0.041776 0.046505
2 0.309899 0.605591 0.027135 0.025682
2 0.333812 0.606459 0.033967 0.020476
2 0.375295 0.619473 0.060321 0.049975
2 0.396280 0.673264 0.047632 0.119384
2 0.460700 0.648104 0.153047 0.183587
2 0.565139 0.611664 0.139382 0.076003
2 0.896999 0.714042 0.194041 0.107237
2 0.700811 0.689749 0.266270 0.173175
2 0.326004 0.681073 0.110100 0.141942
2 0.369439 0.667191 0.031039 0.082944
2 0.023425 0.656780 0.045680 0.110708
2 0.165045 0.749614 0.330508 0.275553
2 0.039042 0.909254 0.078866 0.178381
2 0.658840 0.819890 0.654741 0.353638
2 0.912483 0.810221 0.174253 0.375945
