2 0.942515 0.485293 0.114189 0.085489
2 0.745054 0.481669 0.077246 0.050664
2 0.509068 0.486370 0.085156 0.055210
2 0.389097 0.485156 0.016602 0.024826
2 0.403599 0.486328 0.011328 0.027170
2 0.314610 0.495365 0.020557 0.059307
2 0.350865 0.513281 0.066699 0.099826
2 0.285606 0.487500 0.039014 0.052951
2 0.244078 0.495703 0.013965 0.027170
2 0.215074 0.489843 0.013965 0.029514
4 0.065440 0.492187 0.054834 0.057639
2 0.025230 0.506250 0.035059 0.048264
2 0.009410 0.526172 0.019238 0.083420
3 0.153770 0.492187 0.136572 0.151389
