0 0.118311 0.454047 0.017171 0.079087
8 0.374395 0.298478 0.007610 0.032954
8 0.526680 0.336113 0.011708 0.025669
8 0.463854 0.377390 0.011708 0.020813
8 0.514388 0.376176 0.011708 0.018385
8 0.594969 0.347039 0.011708 0.023241
9 0.572434 0.387102 0.010342 0.020813
8 0.379176 0.301600 0.008976 0.037810
8 0.366884 0.301600 0.008976 0.037810
9 0.550581 0.402884 0.010342 0.023241
9 0.542387 0.373748 0.010342 0.023241
2 0.497316 0.456302 0.073168 0.100939
2 0.453440 0.406411 0.014439 0.020582
2 0.698086 0.438091 0.037657 0.093655
2 0.647552 0.452660 0.092289 0.117936
2 0.732914 0.458730 0.063607 0.105795
2 0.792325 0.476940 0.130531 0.142216
2 0.906368 0.508439 0.183796 0.190645
2 0.210501 0.451446 0.062242 0.062090
2 0.159967 0.451446 0.021268 0.032954
2 0.172942 0.450232 0.019902 0.035382
2 0.530607 0.413984 0.015805 0.023241
2 0.397443 0.435027 0.039023 0.041047
2 0.417247 0.429362 0.021268 0.032954
2 0.553825 0.417222 0.015805 0.028098
2 0.568166 0.416008 0.019902 0.030526
2 0.605725 0.417222 0.043121 0.047522
8 0.346909 0.289748 0.008976 0.025669
8 0.304570 0.352878 0.011708 0.020813
8 0.602311 0.384443 0.011708 0.015957
8 0.509437 0.390513 0.011708 0.018385
