8 0.464647 0.361587 0.017040 0.042195
8 0.552635 0.390491 0.011302 0.025192
8 0.584196 0.389641 0.011302 0.026893
8 0.618626 0.389641 0.011302 0.023492
9 0.367733 0.457793 0.011302 0.018391
9 0.634566 0.394884 0.021822 0.014991
9 0.432767 0.361827 0.024691 0.018365
9 0.394034 0.365227 0.025647 0.025166
2 0.159611 0.542589 0.318090 0.217743
2 0.581295 0.472160 0.016084 0.020092
2 0.487115 0.474711 0.042622 0.045595
2 0.515208 0.473010 0.022778 0.028593
2 0.552030 0.471310 0.012258 0.014991
2 0.599733 0.485252 0.032683 0.042195
2 0.563506 0.473520 0.016084 0.016691
8 0.533858 0.446316 0.006520 0.016691
8 0.738430 0.364704 0.009389 0.013291
8 0.727910 0.366404 0.009389 0.020092
8 0.285961 0.387374 0.014171 0.037094
8 0.299351 0.387374 0.012258 0.033694
