2 0.338353 0.603013 0.016558 0.033176
2 0.340983 0.607687 0.015506 0.031306
2 0.353078 0.603013 0.024972 0.040655
2 0.352552 0.611427 0.026024 0.042525
2 0.362544 0.616101 0.029179 0.055613
2 0.377269 0.618906 0.024972 0.061223
2 0.394623 0.622646 0.047059 0.076181
2 0.411977 0.626385 0.035490 0.087400
2 0.445108 0.625450 0.070198 0.100489
2 0.449315 0.643985 0.074405 0.118860
2 0.519649 0.659753 0.127893 0.167713
2 0.688037 0.695790 0.254166 0.253648
2 0.321601 0.603619 0.026503 0.036040
9 0.979875 0.373656 0.039470 0.228436
