8 0.382655 0.199285 0.018821 0.049425
8 0.613864 0.186360 0.017005 0.032449
8 0.613881 0.247371 0.021964 0.083476
8 0.596081 0.346651 0.017629 0.031340
8 0.639447 0.410435 0.018252 0.028012
8 0.611680 0.461462 0.006397 0.023575
8 0.615424 0.350534 0.022620 0.085695
8 0.527756 0.433176 0.012013 0.018028
8 0.293066 0.384922 0.010765 0.041323
8 0.225677 0.312264 0.015757 0.020247
8 0.203214 0.288969 0.013261 0.022465
8 0.995151 0.110928 0.008917 0.085695
9 0.537853 0.216231 0.042587 0.055744
9 0.603994 0.428105 0.025116 0.018028
2 0.226658 0.519145 0.175494 0.106771
2 0.419427 0.533380 0.031902 0.058335
2 0.478119 0.508052 0.040716 0.029121
2 0.869381 0.534232 0.106233 0.096787
2 0.741522 0.554199 0.244643 0.240994
2 0.502935 0.536450 0.154002 0.090132
2 0.031247 0.542388 0.063276 0.113752
