8 0.045884 0.306231 0.019135 0.091797
8 0.408365 0.390181 0.019135 0.070724
8 0.361143 0.567938 0.017988 0.027899
8 0.067016 0.315131 0.024692 0.085125
8 0.025236 0.307591 0.023723 0.093156
9 0.410850 0.558761 0.040929 0.029939
9 0.417733 0.451699 0.022576 0.048292
9 0.424042 0.501662 0.026017 0.046253
9 0.478529 0.550604 0.020282 0.078881
9 0.739874 0.463935 0.021429 0.060528
9 0.728977 0.526133 0.031753 0.074803
2 0.160874 0.673595 0.021992 0.042083
2 0.131916 0.680778 0.021429 0.040135
2 0.121018 0.674660 0.013399 0.031978
2 0.065958 0.685876 0.052400 0.066646
2 0.020648 0.702893 0.042077 0.095196
2 0.868893 0.724695 0.261433 0.199276
2 0.111841 0.676359 0.024870 0.038096
2 0.141666 0.684517 0.029459 0.038096
2 0.522118 0.712047 0.161757 0.121706
2 0.687682 0.723943 0.132697 0.099274
