8 0.340518 0.255971 0.012435 0.035780
8 0.468798 0.189772 0.010252 0.036545
9 0.566205 0.306075 0.025984 0.033532
8 0.570197 0.290769 0.011113 0.039654
8 0.572780 0.318320 0.011113 0.024348
8 0.939318 0.123167 0.028332 0.120777
8 0.918655 0.131585 0.019723 0.128430
8 0.815769 0.244850 0.015418 0.067205
8 0.922099 0.256330 0.018001 0.044246
8 0.060268 0.285411 0.009391 0.038124
9 0.234614 0.333163 0.027471 0.022817
9 0.112480 0.326567 0.024027 0.021287
9 0.284407 0.210714 0.019723 0.035062
9 0.348980 0.210714 0.018001 0.035062
9 0.552456 0.306633 0.019723 0.030981
9 0.472385 0.332398 0.011113 0.024348
9 0.324955 0.365051 0.014557 0.027409
2 0.175494 0.366327 0.049857 0.050369
2 0.286272 0.362755 0.037803 0.047307
2 0.459327 0.362755 0.019723 0.028940
2 0.408390 0.429337 0.128205 0.180471
2 0.537622 0.388776 0.070520 0.087103
9 0.555272 0.332908 0.011113 0.024348
2 0.784462 0.440695 0.178141 0.194490
