8 0.228314 0.283558 0.013017 0.047612
8 0.414907 0.337259 0.009958 0.043534
8 0.483490 0.430514 0.012252 0.026767
8 0.405561 0.338293 0.008429 0.038096
8 0.085522 0.401511 0.018370 0.028579
9 0.059127 0.354544 0.033665 0.024501
8 0.037333 0.383774 0.026782 0.034017
9 0.049568 0.309000 0.014546 0.039455
2 0.103099 0.500692 0.089490 0.137341
6 0.147071 0.512248 0.019899 0.078881
2 0.037089 0.511858 0.074195 0.168609
0 0.614884 0.516489 0.021429 0.093836
1 0.207485 0.494883 0.022958 0.099274
7 0.207867 0.507490 0.020664 0.074803
2 0.266751 0.471586 0.014546 0.035377
2 0.254133 0.475665 0.019899 0.040815
2 0.298105 0.457991 0.017605 0.019063
2 0.317235 0.459970 0.019899 0.020422
2 0.484710 0.517069 0.055077 0.110150
9 0.446856 0.421903 0.008429 0.014984
9 0.619812 0.367749 0.014546 0.019063
2 0.288685 0.486707 0.043606 0.066646
2 0.234389 0.483988 0.042077 0.055770
2 0.547429 0.532191 0.122140 0.176647
2 0.845425 0.707659 0.308202 0.519410
2 0.375524 0.547078 0.149903 0.263776
9 0.572781 0.373187 0.016841 0.027220
