2 0.465726 0.416460 0.020322 0.028684
2 0.407453 0.430480 0.042721 0.060474
2 0.529554 0.430480 0.056174 0.088610
2 0.628074 0.430480 0.061713 0.077356
0 0.174959 0.443542 0.018038 0.087810
0 0.193004 0.450176 0.023097 0.082983
0 0.276014 0.426963 0.016608 0.061881
0 0.314314 0.430480 0.016608 0.063288
0 0.326263 0.428370 0.013601 0.061881
0 0.287646 0.428370 0.014234 0.071729
0 0.255519 0.431887 0.022147 0.082983
0 0.702221 0.416412 0.018190 0.077356
8 0.517922 0.372802 0.006321 0.012643
8 0.496556 0.373505 0.007903 0.014050
