8 0.471972 0.119062 0.016602 0.070764
8 0.104941 0.244687 0.014492 0.067014
8 0.640722 0.340312 0.020820 0.029514
8 0.123926 0.244687 0.014492 0.067014
8 0.494462 0.114230 0.017284 0.072349
8 0.924286 0.194534 0.045538 0.082957
9 0.627011 0.305625 0.025039 0.020139
9 0.870117 0.132187 0.061953 0.052014
9 0.639140 0.275625 0.032422 0.016389
0 0.277439 0.502406 0.040972 0.102450
0 0.359121 0.499687 0.027148 0.093264
0 0.593789 0.450000 0.021875 0.072639
0 0.917170 0.424140 0.040045 0.167170
0 0.644414 0.410625 0.017656 0.046389
0 0.525234 0.435000 0.011328 0.046389
0 0.815273 0.465937 0.064062 0.273264
2 0.422402 0.445000 0.014492 0.020139
2 0.415547 0.449687 0.013437 0.018264
2 0.407109 0.453437 0.013437 0.029514
2 0.395508 0.454375 0.019766 0.031389
2 0.387598 0.459062 0.016602 0.033264
2 0.377051 0.464687 0.012383 0.037014
2 0.370723 0.466562 0.016602 0.033264
2 0.304010 0.481654 0.025516 0.044698
0 0.257344 0.501250 0.013437 0.035139
2 0.438750 0.449687 0.021875 0.040764
2 0.339103 0.490957 0.059844 0.091389
2 0.467775 0.463769 0.045078 0.063264
2 0.902168 0.377363 0.145273 0.121389
2 0.716015 0.427988 0.165312 0.113889
2 0.157617 0.692363 0.316016 0.473889
2 0.509297 0.671738 0.500703 0.368889
0 0.577851 0.441113 0.013437 0.057639
2 0.994181 0.377998 0.010856 0.046054
