9 0.864701 0.371441 0.026523 0.016643
9 0.871565 0.384407 0.016226 0.015118
9 0.970670 0.408813 0.011936 0.015118
9 0.596989 0.366102 0.009362 0.012067
8 0.612434 0.359237 0.011078 0.031897
8 0.610718 0.400424 0.009362 0.019694
8 0.602995 0.396610 0.009362 0.027321
8 0.827733 0.371441 0.007646 0.024270
8 0.820869 0.372966 0.007646 0.027321
8 0.632598 0.366483 0.007646 0.028847
8 0.640106 0.367373 0.007646 0.027321
8 0.626377 0.367373 0.009362 0.027321
8 0.916613 0.430932 0.011936 0.015118
0 0.890871 0.464110 0.011078 0.044101
0 0.872638 0.463729 0.009362 0.031897
0 0.866631 0.462203 0.005930 0.028847
0 0.903098 0.462966 0.008504 0.039524
0 0.909105 0.464491 0.008504 0.051728
0 0.918972 0.462966 0.012794 0.048677
0 0.927124 0.469068 0.020516 0.063931
0 0.939136 0.472119 0.017084 0.063931
0 0.113692 0.466017 0.027381 0.054779
2 0.604754 0.485847 0.048832 0.091389
2 0.831279 0.472119 0.038535 0.060880
2 0.206619 0.517881 0.261629 0.231728
2 0.963076 0.531610 0.071141 0.237830
2 0.721020 0.629085 0.305389 0.428507
3 0.452450 0.421780 0.289944 0.387321
