2 0.527016 0.436224 0.030743 0.043634
2 0.514102 0.448163 0.025577 0.045471
2 0.494988 0.451837 0.039008 0.060164
2 0.597168 0.422143 0.013179 0.021593
2 0.556875 0.425816 0.011113 0.017919
2 0.467334 0.463775 0.056572 0.076695
2 0.548437 0.426122 0.016279 0.027103
2 0.617776 0.430286 0.034662 0.054757
2 0.186298 0.453449 0.039008 0.032613
9 0.274634 0.330388 0.037975 0.080368
9 0.256037 0.218514 0.017312 0.028940
9 0.224009 0.194636 0.037975 0.028940
2 0.864290 0.398834 0.133272 0.074858
2 0.566299 0.420480 0.010675 0.019493
2 0.602382 0.426099 0.012757 0.035453
