2 0.332746 0.462312 0.022273 0.039596
2 0.351701 0.461337 0.020840 0.037049
2 0.369282 0.463585 0.029437 0.047238
2 0.400178 0.461680 0.033917 0.051048
2 0.740373 0.589670 0.278741 0.248465
2 0.912926 0.677594 0.173367 0.373184
2 0.125188 0.552736 0.219607 0.230634
9 0.229586 0.390991 0.028004 0.049785
9 0.251395 0.361511 0.015907 0.057802
8 0.279733 0.373161 0.007945 0.034502
8 0.415848 0.357878 0.013676 0.029408
8 0.384326 0.419010 0.010811 0.024313
2 0.425353 0.400328 0.075538 0.143617
2 0.507979 0.441131 0.130623 0.197244
2 0.604376 0.511079 0.163411 0.178591
