9 0.063613 0.432097 0.032722 0.034959
9 0.066716 0.320390 0.017835 0.031858
9 0.048301 0.231328 0.044287 0.111545
9 0.026045 0.340420 0.052872 0.033986
9 0.510386 0.482109 0.021875 0.017795
8 0.530821 0.477422 0.007373 0.022483
8 0.616514 0.457500 0.007373 0.029514
0 0.812949 0.507890 0.015283 0.031858
0 0.990789 0.539531 0.017642 0.095139
2 0.301426 0.554765 0.091748 0.074045
2 0.545322 0.521953 0.012646 0.017795
2 0.499180 0.525468 0.017920 0.015451
2 0.531480 0.525468 0.040332 0.067014
2 0.509727 0.539531 0.031103 0.038889
2 0.580259 0.507890 0.024512 0.013108
2 0.571030 0.534843 0.053516 0.048264
2 0.607285 0.525468 0.023193 0.034201
2 0.487315 0.539531 0.044287 0.038889
2 0.453037 0.558281 0.046924 0.038889
2 0.606626 0.614531 0.111523 0.151389
2 0.735166 0.582890 0.112842 0.158420
2 0.376573 0.617029 0.133935 0.193267
3 0.657383 0.505547 0.091748 0.181858
2 0.849204 0.645000 0.248633 0.273264
2 0.520274 0.753984 0.326416 0.397482
2 0.188150 0.724763 0.377082 0.370346
