0 0.080287 0.510236 0.067750 0.273515
2 0.199874 0.520866 0.223212 0.145956
2 0.482099 0.550630 0.220821 0.184224
2 0.589727 0.544252 0.039049 0.090680
2 0.644736 0.550630 0.082100 0.077924
0 0.684798 0.545315 0.023503 0.084302
0 0.716488 0.558071 0.058183 0.080050
2 0.773890 0.563386 0.055791 0.065168
2 0.814549 0.560197 0.027090 0.037531
2 0.868961 0.621851 0.145481 0.169342
2 0.916198 0.571890 0.036657 0.039657
2 0.938322 0.571890 0.035461 0.048161
2 0.958651 0.572953 0.009152 0.033279
2 0.973600 0.576142 0.022307 0.039657
2 0.989146 0.578649 0.012740 0.036167
9 0.733829 0.456024 0.016328 0.033279
