2 0.165285 0.411712 0.183379 0.186974
2 0.446783 0.363671 0.042841 0.078881
2 0.440283 0.373187 0.023723 0.065286
2 0.424018 0.374037 0.029430 0.074463
2 0.389046 0.376586 0.065018 0.085679
2 0.356163 0.388142 0.052783 0.097915
2 0.302632 0.395607 0.104784 0.118283
2 0.561798 0.379985 0.022958 0.070724
2 0.577857 0.399698 0.044371 0.121026
2 0.603476 0.389501 0.087960 0.141419
2 0.609211 0.441843 0.079548 0.229788
2 0.794995 0.461261 0.409230 0.747335
2 0.072849 0.446847 0.146480 0.239227
0 0.486640 0.371925 0.013782 0.050331
0 0.527662 0.373640 0.009958 0.035377
0 0.516603 0.373161 0.010664 0.037136
2 0.541173 0.367976 0.022194 0.031298
8 0.397167 0.279478 0.007664 0.025860
8 0.489426 0.293656 0.003840 0.016344
8 0.485602 0.295015 0.006899 0.024501
8 0.481014 0.293656 0.006899 0.021782
8 0.547163 0.275982 0.004605 0.021782
8 0.542957 0.276662 0.005370 0.020422
9 0.621469 0.288444 0.025253 0.048972
9 0.590534 0.306183 0.010723 0.019063
2 0.505115 0.377069 0.008637 0.020010
2 0.497914 0.378233 0.012565 0.017682
