0 0.084321 0.416785 0.017353 0.079374
0 0.069699 0.405520 0.019303 0.084572
0 0.687727 0.394256 0.017353 0.034316
0 0.707223 0.389923 0.009555 0.036049
0 0.716484 0.392523 0.008580 0.030850
0 0.728669 0.390790 0.011504 0.027384
7 0.757913 0.405520 0.015403 0.029117
1 0.756451 0.385591 0.016378 0.041248
0 0.789594 0.396855 0.012479 0.046447
0 0.821276 0.393389 0.007605 0.053379
0 0.807628 0.390790 0.011504 0.044714
0 0.846133 0.395122 0.012479 0.049913
0 0.856856 0.393389 0.014429 0.053379
0 0.884638 0.405520 0.017353 0.056845
0 0.916807 0.406387 0.015403 0.065510
0 0.933379 0.402054 0.015403 0.063777
0 0.951412 0.408986 0.016378 0.091504
2 0.984089 0.408486 0.031041 0.113301
9 0.741829 0.391656 0.010529 0.025651
9 0.896823 0.304140 0.012479 0.023918
9 0.873915 0.284211 0.013454 0.015253
4 0.361654 0.334234 0.544724 0.669857
2 0.893742 0.396107 0.041802 0.060085
