9 0.540708 0.287578 0.011328 0.027170
2 0.404077 0.308203 0.033740 0.015451
2 0.400122 0.322265 0.036377 0.024826
2 0.360571 0.315234 0.091748 0.048264
2 0.345410 0.321094 0.100976 0.055295
2 0.342773 0.338672 0.079883 0.057639
2 0.294653 0.333984 0.097021 0.090451
2 0.310473 0.363281 0.031103 0.055295
2 0.524707 0.314062 0.011328 0.022483
2 0.536572 0.319922 0.027148 0.034201
2 0.554370 0.336328 0.025830 0.048264
2 0.581396 0.333984 0.050879 0.057639
2 0.597876 0.343359 0.046924 0.057639
2 0.633471 0.352734 0.062744 0.071701
2 0.685546 0.370312 0.093066 0.102170
2 0.159703 0.329765 0.272363 0.200608
2 0.803062 0.388359 0.198535 0.200608
4 0.455674 0.267656 0.070654 0.057639
4 0.513023 0.299297 0.016602 0.055295
2 0.466221 0.353203 0.112842 0.186545
2 0.170909 0.378984 0.152392 0.153733
2 0.953875 0.482109 0.091470 0.153733
2 0.101604 0.384843 0.203990 0.217014
2 0.019009 0.254750 0.034900 0.039515
