9 0.631188 0.273813 0.032950 0.022185
9 0.608768 0.223087 0.040748 0.071975
9 0.482042 0.235687 0.079741 0.025651
9 0.130460 0.256791 0.031647 0.050530
8 0.165717 0.261682 0.020277 0.060311
8 0.419167 0.236553 0.016378 0.048180
8 0.638987 0.356996 0.017353 0.036049
9 0.609742 0.335592 0.029051 0.020968
8 0.665306 0.391656 0.007605 0.025651
2 0.364091 0.463575 0.023202 0.058578
2 0.288543 0.467041 0.051471 0.068976
4 0.309501 0.435847 0.054396 0.075908
4 0.445487 0.414185 0.158700 0.320259
2 0.140372 0.507481 0.281526 0.410947
7 0.571237 0.500835 0.039774 0.077641
0 0.564414 0.478306 0.024177 0.094970
2 0.333384 0.459243 0.031975 0.049913
