8 0.202954 0.406314 0.010571 0.021278
9 0.259593 0.371507 0.011969 0.031223
9 0.223932 0.426204 0.007774 0.021278
2 0.207150 0.442364 0.021758 0.018792
2 0.177083 0.438635 0.031548 0.036196
2 0.086881 0.448579 0.018961 0.036196
2 0.070798 0.451065 0.025954 0.041168
2 0.055415 0.451065 0.025954 0.051113
2 0.033738 0.451065 0.030149 0.071002
2 0.017656 0.461010 0.034345 0.095864
2 0.232323 0.446093 0.018961 0.046140
2 0.252601 0.446093 0.020360 0.061057
2 0.275675 0.451065 0.030149 0.066030
2 0.316931 0.445134 0.053924 0.088974
2 0.370772 0.459767 0.086089 0.113267
2 0.512019 0.494400 0.192373 0.167615
2 0.776787 0.548599 0.445645 0.295184
