8 0.569531 0.361971 0.009958 0.044214
8 0.559207 0.360952 0.012252 0.042174
2 0.470580 0.505944 0.015693 0.019742
2 0.440756 0.506964 0.008811 0.029939
2 0.455094 0.509003 0.023723 0.038096
2 0.566936 0.505740 0.022576 0.029939
2 0.597973 0.508439 0.029160 0.047573
2 0.751618 0.514917 0.038635 0.044214
2 0.370210 0.520219 0.014546 0.023821
2 0.821590 0.540612 0.180875 0.093156
2 0.095191 0.531674 0.102292 0.069572
2 0.318185 0.549881 0.104277 0.116041
3 0.406917 0.501662 0.062724 0.131902
8 0.685203 0.363289 0.013395 0.050724
8 0.341214 0.367774 0.012134 0.041754
9 0.677256 0.418231 0.014657 0.030542
