2 0.065434 0.457857 0.131649 0.256594
2 0.868035 0.440146 0.263149 0.465241
2 0.183845 0.413141 0.231065 0.238171
2 0.315841 0.408685 0.098829 0.138973
2 0.354755 0.386229 0.077757 0.126228
2 0.706090 0.415678 0.082296 0.179863
2 0.673484 0.382119 0.090877 0.140202
2 0.623717 0.379068 0.051406 0.115796
2 0.521066 0.390508 0.024692 0.025796
2 0.551469 0.388983 0.018800 0.022745
8 0.425593 0.194491 0.011078 0.039524
8 0.509253 0.298220 0.008504 0.024270
8 0.563739 0.289830 0.012794 0.041050
8 0.595916 0.187627 0.013652 0.050202
8 0.436319 0.181525 0.006788 0.034948
8 0.416155 0.189915 0.009362 0.033423
8 0.586478 0.180763 0.008504 0.036474
9 0.304179 0.261610 0.032529 0.051728
9 0.452193 0.324152 0.009362 0.009016
9 0.457770 0.335593 0.011936 0.010541
9 0.691589 0.252000 0.033387 0.056914
9 0.318937 0.282814 0.015368 0.028847
8 0.751223 0.288610 0.010220 0.025796
8 0.737066 0.263441 0.011078 0.024270
2 0.583689 0.377161 0.035103 0.071558
