8 0.539537 0.265645 0.011804 0.053647
8 0.358879 0.181815 0.015479 0.073244
8 0.377863 0.185081 0.016704 0.066711
8 0.346018 0.186169 0.009355 0.073244
8 0.122493 0.341855 0.013029 0.049292
8 0.107183 0.412621 0.009355 0.025341
9 0.110245 0.342944 0.015479 0.016631
9 0.123105 0.422419 0.024052 0.036228
9 0.214352 0.320081 0.049773 0.036228
9 0.528513 0.378871 0.024052 0.044937
9 0.515653 0.446371 0.010580 0.031873
9 0.491769 0.455081 0.009355 0.027518
9 0.608125 0.457258 0.009355 0.018808
9 0.815116 0.394113 0.014254 0.075421
9 0.742853 0.360363 0.016704 0.055824
0 0.365003 0.494274 0.027727 0.092841
