8 0.519133 0.373382 0.010142 0.049232
8 0.337772 0.408745 0.012482 0.045072
8 0.579323 0.539505 0.014770 0.023695
8 0.252942 0.529392 0.013652 0.020110
8 0.528494 0.378583 0.010142 0.047152
8 0.508018 0.377543 0.011312 0.049232
8 0.348303 0.409785 0.007802 0.047152
8 0.329542 0.410010 0.014743 0.051763
8 0.724481 0.483629 0.023013 0.032591
8 0.706930 0.486749 0.023013 0.026350
8 0.097908 0.466988 0.028863 0.045072
8 0.122480 0.465948 0.012482 0.042991
2 0.942114 0.807088 0.114278 0.209401
2 0.585827 0.642759 0.148210 0.171959
2 0.481679 0.602196 0.038199 0.045072
2 0.087566 0.640678 0.175914 0.292606
2 0.179813 0.620917 0.127149 0.186520
2 0.711025 0.601156 0.113108 0.055472
2 0.460774 0.600116 0.010142 0.032591
2 0.453753 0.599076 0.007802 0.026350
2 0.447903 0.595956 0.007802 0.024270
2 0.440882 0.595956 0.007802 0.020110
2 0.413971 0.591795 0.010142 0.020110
2 0.405195 0.592836 0.011312 0.026350
2 0.391739 0.590755 0.019502 0.038831
2 0.380507 0.593876 0.014822 0.036751
2 0.369391 0.593876 0.018332 0.040911
2 0.350436 0.596996 0.032373 0.051312
2 0.845604 0.590625 0.025761 0.035139
2 0.786153 0.590625 0.030757 0.020928
9 0.719708 0.432533 0.019766 0.028034
9 0.738192 0.378355 0.028758 0.022705
9 0.233108 0.469836 0.017767 0.013823
9 0.129693 0.426316 0.022763 0.036915
