8 0.840181 0.038265 0.022305 0.068736
8 0.294684 0.147746 0.018001 0.047307
9 0.016202 0.273741 0.016279 0.013634
9 0.022229 0.297465 0.024888 0.033532
9 0.305918 0.331904 0.022305 0.035062
9 0.305488 0.373996 0.012835 0.039654
9 0.300752 0.400781 0.018862 0.032001
9 0.305488 0.450526 0.007669 0.042715
9 0.447117 0.430628 0.013696 0.015164
9 0.286116 0.378400 0.027471 0.064518
9 0.434506 0.436891 0.021189 0.024628
9 0.365756 0.422210 0.026610 0.041185
9 0.394199 0.228531 0.076147 0.106865
9 0.507247 0.235183 0.068129 0.108765
9 0.540386 0.314528 0.031783 0.052702
9 0.596323 0.277238 0.021789 0.061742
9 0.606827 0.300526 0.021445 0.021287
9 0.605966 0.328843 0.030054 0.032001
9 0.604675 0.357924 0.025749 0.028940
9 0.400625 0.457414 0.013696 0.013634
9 0.337004 0.230432 0.051554 0.085960
8 0.345953 0.331904 0.012835 0.041185
8 0.372213 0.370169 0.011974 0.038124
8 0.353702 0.447465 0.009391 0.027409
8 0.325721 0.449622 0.008530 0.016695
2 0.201310 0.485591 0.090322 0.085573
2 0.076252 0.503477 0.151877 0.212046
2 0.805107 0.600248 0.389004 0.419246
2 0.267817 0.494952 0.025311 0.033456
8 0.267605 0.256096 0.033498 0.076473
2 0.349350 0.500769 0.016183 0.018483
