9 0.301239 0.266811 0.028286 0.058790
9 0.300760 0.322087 0.033070 0.016271
9 0.281627 0.341221 0.030678 0.016271
8 0.286410 0.398622 0.030678 0.041783
8 0.370719 0.406063 0.012740 0.039657
9 0.380286 0.366732 0.017523 0.012019
8 0.501068 0.358228 0.012740 0.046035
8 0.508243 0.356102 0.012740 0.037531
8 0.637995 0.314646 0.011544 0.014145
8 0.630222 0.308268 0.012740 0.043909
8 0.630820 0.352913 0.013936 0.039657
9 0.578201 0.486851 0.011544 0.018397
2 0.577255 0.511095 0.024820 0.030264
2 0.563851 0.505984 0.011544 0.031153
2 0.535748 0.514488 0.058183 0.124696
2 0.446058 0.612284 0.217233 0.330917
9 0.713234 0.253306 0.026126 0.089771
