8 0.608265 0.090113 0.029473 0.181616
8 0.649390 0.092664 0.040950 0.152711
8 0.932961 0.766814 0.032342 0.065998
8 0.957827 0.771915 0.022778 0.055797
8 0.471501 0.799119 0.006520 0.023492
8 0.510235 0.832274 0.005563 0.014991
8 0.551360 0.811021 0.005563 0.023492
8 0.543709 0.835674 0.003650 0.014991
2 0.565228 0.886682 0.035211 0.031993
2 0.511670 0.878181 0.017996 0.031993
2 0.498759 0.877330 0.007476 0.020092
2 0.487760 0.882431 0.017996 0.030293
2 0.590094 0.896033 0.039037 0.047296
2 0.625002 0.909635 0.057208 0.088102
2 0.633132 0.927488 0.033299 0.076200
2 0.673710 0.929188 0.061990 0.125507
2 0.420016 0.900284 0.028517 0.047296
2 0.404235 0.904534 0.035211 0.052396
2 0.363907 0.905385 0.051470 0.077900
2 0.350040 0.920687 0.035211 0.077900
2 0.277354 0.895183 0.115548 0.186716
2 0.470545 0.884982 0.023735 0.033694
2 0.533667 0.895343 0.033299 0.057817
2 0.172151 0.947891 0.159542 0.101704
2 0.716178 0.935989 0.145196 0.125507
9 0.709541 0.811021 0.015879 0.018391
9 0.915804 0.613868 0.043702 0.026861
9 0.899359 0.708114 0.062391 0.042144
8 0.464079 0.797265 0.010811 0.026861
9 0.872852 0.596293 0.017975 0.039596
9 0.931596 0.859925 0.023706 0.042144
