2 0.031840 0.601985 0.064461 0.091227
2 0.149724 0.595408 0.153749 0.118951
1 0.235768 0.592273 0.052681 0.066946
6 0.241231 0.627480 0.033560 0.074231
3 0.593604 0.591903 0.082728 0.129337
2 0.543070 0.587417 0.028097 0.062090
2 0.522583 0.588631 0.017171 0.040238
2 0.508242 0.587417 0.021268 0.047522
2 0.652332 0.588631 0.047218 0.074231
4 0.470683 0.556168 0.055413 0.125851
2 0.421515 0.588631 0.044486 0.074231
9 0.881784 0.385888 0.030828 0.018385
9 0.869492 0.410169 0.036292 0.028098
9 0.879052 0.459944 0.019902 0.030526
9 0.864712 0.433235 0.015805 0.020813
8 0.523949 0.527929 0.006244 0.020813
