8 0.069211 0.318004 0.022227 0.096703
8 0.824687 0.379525 0.024177 0.081107
8 0.109546 0.319737 0.021493 0.103635
8 0.807141 0.381258 0.020277 0.077641
8 0.064337 0.415918 0.016378 0.036049
8 0.811528 0.449711 0.013454 0.027384
8 0.825662 0.447978 0.008580 0.027384
8 0.076522 0.413319 0.013454 0.034316
2 0.459134 0.534628 0.086564 0.131363
2 0.597229 0.565907 0.122313 0.151989
2 0.540518 0.511173 0.046624 0.074055
2 0.380423 0.514912 0.060724 0.078068
2 0.407474 0.491278 0.036334 0.049819
2 0.556843 0.461317 0.014633 0.022731
2 0.442397 0.460645 0.021896 0.026312
2 0.469563 0.456404 0.024765 0.024397
