9 0.449786 0.429933 0.034345 0.028737
9 0.486147 0.443607 0.011969 0.021278
9 0.688926 0.407557 0.011969 0.028737
8 0.671445 0.466338 0.016165 0.026251
8 0.631589 0.429045 0.011969 0.041168
8 0.540688 0.416614 0.009172 0.036196
8 0.533695 0.468824 0.006375 0.026251
2 0.548379 0.515174 0.013368 0.023765
2 0.712274 0.555596 0.063167 0.104610
3 0.582642 0.507005 0.059517 0.098350
2 0.516913 0.524408 0.048330 0.073488
2 0.635672 0.560458 0.095653 0.135643
2 0.875752 0.618647 0.211439 0.209141
9 0.821763 0.440180 0.018328 0.015253
9 0.834923 0.407253 0.021252 0.011787
