2 0.508535 0.509500 0.008580 0.015253
2 0.498787 0.506900 0.008580 0.013520
2 0.517308 0.505167 0.010529 0.020452
2 0.526081 0.507767 0.012479 0.022185
2 0.536804 0.511233 0.012479 0.018719
2 0.546552 0.514699 0.014429 0.022185
2 0.561563 0.523356 0.024953 0.042965
2 0.583277 0.534098 0.036254 0.057517
2 0.609915 0.545892 0.055370 0.074175
2 0.676202 0.530295 0.094363 0.181620
2 0.804876 0.555424 0.248382 0.266537
2 0.474417 0.511233 0.014429 0.025651
2 0.461257 0.517298 0.015403 0.027384
2 0.446635 0.522497 0.017353 0.030850
2 0.428601 0.523364 0.024177 0.036049
2 0.410567 0.527696 0.025151 0.041248
2 0.392045 0.533761 0.029051 0.042981
2 0.370600 0.538960 0.031000 0.046447
2 0.336302 0.546504 0.045007 0.061534
2 0.224866 0.563222 0.115809 0.105368
