2 0.580498 0.563222 0.034900 0.046447
2 0.560027 0.564089 0.009555 0.041248
2 0.552716 0.567555 0.016378 0.068976
2 0.448412 0.623877 0.215239 0.368783
2 0.601944 0.558890 0.017353 0.034316
2 0.618516 0.561489 0.025151 0.036049
2 0.635575 0.566688 0.026126 0.039515
2 0.658483 0.570154 0.038799 0.060311
2 0.675054 0.578819 0.031000 0.063777
2 0.701862 0.587484 0.049522 0.074175
2 0.728181 0.598749 0.057320 0.086305
2 0.765712 0.622144 0.073892 0.091504
2 0.840772 0.640340 0.149927 0.155625
2 0.954174 0.675175 0.090137 0.263420
