9 0.517280 0.530523 0.013857 0.035362
9 0.569582 0.544828 0.048054 0.024634
9 0.623894 0.594000 0.015868 0.033574
8 0.612328 0.642278 0.014862 0.019270
8 0.464979 0.525159 0.009833 0.042515
8 0.447377 0.527841 0.006816 0.037150
8 0.455927 0.526053 0.011845 0.044303
8 0.250745 0.617245 0.005810 0.022846
9 0.630935 0.550192 0.015868 0.021058
0 0.542425 0.699497 0.009833 0.040727
0 0.530858 0.695026 0.010839 0.038939
2 0.397591 0.693238 0.019891 0.031786
2 0.394573 0.712013 0.013857 0.044303
2 0.344284 0.714695 0.027938 0.046091
2 0.313607 0.710225 0.018886 0.026422
2 0.372949 0.718251 0.036990 0.056779
2 0.217553 0.745987 0.074204 0.097945
2 0.182739 0.729021 0.024492 0.035239
2 0.073825 0.764453 0.148432 0.189754
0 0.153183 0.728106 0.011845 0.040727
2 0.445366 0.721848 0.091303 0.153376
2 0.762191 0.717377 0.256253 0.162316
2 0.162162 0.725225 0.019024 0.032020
