2 0.013402 0.476940 0.027585 0.069375
2 0.888602 0.503649 0.222016 0.229626
2 0.035681 0.453874 0.043121 0.057234
2 0.103970 0.469656 0.037657 0.059662
2 0.061631 0.474512 0.048584 0.049950
2 0.198892 0.461158 0.044486 0.023241
2 0.262401 0.452660 0.034926 0.030526
2 0.734962 0.503649 0.190625 0.147072
2 0.648235 0.489081 0.079997 0.088799
2 0.633894 0.450232 0.100483 0.079087
2 0.572434 0.457516 0.059510 0.074231
2 0.540338 0.457516 0.030828 0.054806
2 0.525314 0.453874 0.025365 0.052378
2 0.159967 0.450232 0.043121 0.025669
2 0.306789 0.447804 0.025365 0.030526
2 0.371617 0.457006 0.032100 0.044074
2 0.465220 0.450232 0.022634 0.030526
2 0.390102 0.455088 0.022634 0.049950
2 0.405808 0.453874 0.013073 0.037810
2 0.446099 0.447804 0.017171 0.025669
9 0.253592 0.325187 0.022497 0.052378
9 0.631238 0.369650 0.021117 0.050862
8 0.390102 0.400456 0.006244 0.028098
8 0.451562 0.391958 0.008976 0.025669
9 0.470782 0.394500 0.019705 0.010405
