2 0.418988 0.372189 0.012718 0.020978
2 0.404755 0.377086 0.011800 0.017713
2 0.365730 0.386880 0.010882 0.024243
2 0.374913 0.384432 0.012718 0.029140
2 0.348743 0.389329 0.020982 0.025875
2 0.320737 0.396675 0.025573 0.030772
2 0.291813 0.400756 0.015473 0.035669
2 0.442652 0.373588 0.009045 0.014448
2 0.451834 0.375220 0.010882 0.011183
2 0.460557 0.376036 0.009964 0.012816
2 0.466067 0.377669 0.008127 0.016081
2 0.500041 0.385015 0.019146 0.030772
2 0.516987 0.388741 0.025657 0.038225
2 0.530802 0.391544 0.020064 0.040567
2 0.598751 0.409047 0.051284 0.061064
2 0.651090 0.417663 0.078831 0.089539
2 0.482317 0.377118 0.030165 0.050361
2 0.388411 0.385248 0.027410 0.040567
2 0.269041 0.404837 0.042102 0.047096
2 0.176759 0.417080 0.074240 0.068318
2 0.545813 0.398713 0.031853 0.038114
2 0.050503 0.425242 0.100868 0.133614
2 0.752998 0.428626 0.132088 0.141776
2 0.943501 0.488153 0.110969 0.197278
