2 0.084808 0.438794 0.016378 0.025651
2 0.157919 0.435328 0.022227 0.039515
2 0.253450 0.419731 0.006630 0.015253
2 0.233954 0.422330 0.012479 0.013520
2 0.198861 0.422330 0.008580 0.016986
2 0.182776 0.427529 0.019303 0.030850
2 0.121851 0.458529 0.072917 0.092849
2 0.066774 0.440526 0.027101 0.032583
2 0.247114 0.423197 0.015403 0.018719
8 0.246626 0.385071 0.006630 0.015253
8 0.227130 0.386804 0.006630 0.015253
8 0.204222 0.385071 0.007605 0.015253
8 0.184239 0.384204 0.006630 0.016986
8 0.165717 0.387670 0.008580 0.010054
8 0.150608 0.388537 0.007605 0.018719
2 0.530419 0.412570 0.051718 0.035591
