2 0.179802 0.512059 0.155717 0.135709
2 0.547056 0.487973 0.010345 0.011590
2 0.553273 0.493073 0.017040 0.018391
2 0.568575 0.497324 0.030429 0.026893
2 0.928561 0.480321 0.028517 0.013291
2 0.919475 0.504125 0.046688 0.043895
2 0.862570 0.487973 0.036168 0.028593
2 0.801839 0.493923 0.046688 0.037094
2 0.848224 0.499024 0.061034 0.047296
2 0.762627 0.499024 0.060078 0.043895
2 0.453712 0.495624 0.010345 0.013291
2 0.443192 0.493923 0.010345 0.020092
2 0.436497 0.492223 0.010345 0.026893
2 0.428368 0.493073 0.017040 0.025192
2 0.417848 0.493923 0.011302 0.023492
2 0.406371 0.495624 0.011302 0.023492
2 0.395373 0.498174 0.014171 0.025192
2 0.382939 0.499024 0.017996 0.030293
2 0.373376 0.503275 0.019909 0.025192
2 0.325078 0.499024 0.020865 0.026893
2 0.280892 0.506959 0.067155 0.064298
2 0.062165 0.495907 0.056252 0.045595
2 0.087032 0.528212 0.063903 0.079601
2 0.031561 0.542097 0.063903 0.084701
2 0.351952 0.502141 0.027560 0.038794
2 0.603802 0.504692 0.081118 0.054097
2 0.971694 0.494774 0.055296 0.047296
2 0.526016 0.491373 0.038081 0.026893
9 0.700557 0.480661 0.015127 0.016691
9 0.731122 0.431354 0.009309 0.030293
9 0.756506 0.377796 0.016084 0.045595
9 0.628828 0.459493 0.005563 0.018391
9 0.077946 0.416137 0.022778 0.040495
