2 0.493893 0.515126 0.079708 0.092806
2 0.535438 0.512151 0.020535 0.026473
9 0.647163 0.388347 0.016328 0.018397
9 0.647761 0.404646 0.017523 0.021231
9 0.659122 0.429803 0.016328 0.012019
0 0.708304 0.491023 0.017996 0.074179
8 0.517810 0.412016 0.007956 0.022649
8 0.602119 0.407764 0.006761 0.026901
8 0.547707 0.484299 0.007956 0.018397
8 0.574016 0.508748 0.010348 0.012019
8 0.555848 0.512665 0.008417 0.012689
8 0.576408 0.483236 0.010348 0.016271
9 0.472367 0.446032 0.012740 0.014145
8 0.511995 0.408614 0.007956 0.026901
