8 0.271332 0.153199 0.013977 0.058972
8 0.487268 0.201185 0.009179 0.052574
9 0.157966 0.108412 0.077558 0.037645
9 0.540052 0.264099 0.109949 0.110157
9 0.646820 0.337677 0.016377 0.018450
2 0.403893 0.405924 0.027173 0.026981
2 0.522657 0.422985 0.019976 0.026981
9 0.532254 0.402725 0.010378 0.020583
9 0.556847 0.394194 0.013977 0.024849
9 0.574242 0.376066 0.022375 0.044043
2 0.500464 0.414455 0.009179 0.026981
2 0.495065 0.418720 0.012778 0.039777
2 0.450401 0.451335 0.094385 0.168989
4 0.340219 0.394633 0.060949 0.087952
0 0.275738 0.408108 0.010792 0.057245
0 0.178959 0.398752 0.013977 0.072353
0 0.108408 0.390995 0.021631 0.065370
0 0.083588 0.423407 0.019976 0.113133
8 0.209550 0.333412 0.017576 0.026981
9 0.219747 0.314218 0.023574 0.018450
0 0.540652 0.425118 0.007979 0.031247
8 0.637223 0.361137 0.011578 0.026981
8 0.749390 0.341943 0.012778 0.035512
2 0.028885 0.416917 0.058552 0.151338
2 0.864107 0.644786 0.271004 0.342621
