8 0.474785 0.336564 0.014116 0.027590
8 0.562513 0.333445 0.015520 0.026343
8 0.564618 0.138805 0.019731 0.033829
9 0.323277 0.327555 0.015346 0.015664
9 0.391967 0.312858 0.016919 0.027590
9 0.385302 0.329078 0.016221 0.012618
8 0.807450 0.354032 0.008501 0.015113
8 0.549178 0.353408 0.009905 0.013866
8 0.501805 0.348417 0.010607 0.016361
9 0.601260 0.351242 0.009847 0.017019
0 0.892195 0.442618 0.034469 0.129901
0 0.773938 0.433884 0.028152 0.127405
0 0.084921 0.408306 0.027451 0.128653
0 0.054391 0.403316 0.032363 0.131149
0 0.099308 0.386472 0.015520 0.077498
0 0.255113 0.377738 0.011309 0.022600
0 0.294416 0.383352 0.008501 0.041315
0 0.285643 0.379609 0.007800 0.043810
2 0.527773 0.395829 0.012010 0.026343
2 0.512683 0.397077 0.022538 0.031333
2 0.494787 0.391462 0.016221 0.022600
2 0.472679 0.388874 0.029556 0.035263
2 0.454783 0.395206 0.009203 0.020104
2 0.439693 0.394334 0.028152 0.039315
2 0.409866 0.390215 0.035873 0.055040
2 0.365300 0.396792 0.056225 0.061848
2 0.246341 0.405187 0.063946 0.062526
2 0.180018 0.402692 0.106757 0.094966
2 0.567075 0.401002 0.035873 0.050933
2 0.600762 0.404563 0.030258 0.043810
2 0.541809 0.388967 0.017625 0.025095
2 0.624624 0.403939 0.020432 0.035076
2 0.642521 0.412673 0.016923 0.030086
2 0.670243 0.418912 0.041487 0.045058
0 0.660768 0.389591 0.011309 0.016361
8 0.532615 0.221590 0.008501 0.016361
8 0.800361 0.296451 0.009203 0.026343
8 0.819653 0.294407 0.018800 0.036474
9 0.795627 0.159407 0.035961 0.019694
9 0.796915 0.185339 0.033387 0.025796
