9 0.552234 0.434972 0.008368 0.014805
9 0.595126 0.464575 0.006617 0.017988
9 0.578219 0.463521 0.011318 0.015950
9 0.516287 0.427119 0.018174 0.013870
9 0.498837 0.431895 0.007784 0.016951
9 0.089077 0.405587 0.041845 0.048614
2 0.276344 0.452080 0.030033 0.022190
2 0.357664 0.455201 0.024183 0.028431
3 0.384509 0.456766 0.012349 0.019081
2 0.397446 0.458321 0.014822 0.018030
3 0.429791 0.458321 0.013989 0.026350
9 0.434199 0.425039 0.027902 0.018030
3 0.546045 0.455213 0.012482 0.011814
2 0.520676 0.473922 0.028118 0.045072
2 0.548109 0.473912 0.018951 0.030438
3 0.823937 0.394877 0.338932 0.390372
3 0.977801 0.421919 0.042904 0.282206
