0 0.817798 0.307296 0.021474 0.101695
0 0.804244 0.299445 0.024441 0.095938
0 0.784023 0.311839 0.014766 0.071002
0 0.560423 0.302944 0.022844 0.035158
2 0.521817 0.310138 0.035761 0.037766
3 0.052880 0.288220 0.106541 0.242549
2 0.360284 0.301894 0.028751 0.046140
2 0.279172 0.316811 0.109863 0.140615
2 0.172887 0.316811 0.081893 0.090892
2 0.442662 0.355525 0.143162 0.197443
4 0.674942 0.259629 0.204959 0.225146
8 0.361346 0.234199 0.007046 0.020142
9 0.495936 0.238852 0.020360 0.013820
8 0.521528 0.259564 0.008334 0.017146
0 0.113452 0.310951 0.018961 0.093378
