2 0.380165 0.506080 0.027738 0.036057
2 0.453994 0.478387 0.126961 0.247122
4 0.321082 0.491480 0.097137 0.121706
1 0.819728 0.511038 0.083945 0.297084
7 0.824051 0.563374 0.096003 0.195120
9 0.606108 0.334975 0.033473 0.062567
8 0.621384 0.397928 0.018796 0.029984
9 0.161848 0.356363 0.034620 0.063587
8 0.388972 0.295695 0.030032 0.023821
8 0.507983 0.289067 0.027164 0.024841
9 0.184253 0.380425 0.019783 0.013824
8 0.128227 0.434530 0.014292 0.027696
0 0.159628 0.532033 0.020855 0.104372
9 0.782363 0.318903 0.017245 0.020628
9 0.803273 0.328323 0.023723 0.021782
9 0.549968 0.423092 0.016223 0.048285
8 0.143347 0.435674 0.014936 0.029984
