2 0.297316 0.594763 0.020277 0.056845
2 0.319250 0.599962 0.023202 0.046447
2 0.364578 0.593896 0.010529 0.016986
3 0.409907 0.565302 0.029051 0.042981
4 0.345082 0.580032 0.030025 0.055112
3 0.251013 0.584365 0.069993 0.108834
2 0.420630 0.616425 0.108985 0.089771
0 0.606818 0.596496 0.019303 0.077641
1 0.847595 0.621624 0.040748 0.283867
0 0.803242 0.583498 0.028076 0.065510
6 0.857344 0.637221 0.177221 0.228411
6 0.565876 0.616425 0.027101 0.062044
8 0.289031 0.349544 0.013454 0.058578
9 0.290005 0.311419 0.015403 0.023918
9 0.541993 0.499448 0.012479 0.036049
9 0.988943 0.432728 0.015403 0.027384
8 0.985531 0.493383 0.024177 0.082840
9 0.677979 0.503781 0.023202 0.027384
2 0.385049 0.588697 0.010529 0.023918
