2 0.065751 0.446669 0.132283 0.327222
2 0.238529 0.380703 0.024995 0.033625
3 0.307394 0.363914 0.038006 0.066959
1 0.354137 0.370311 0.007339 0.027632
6 0.357997 0.386031 0.010688 0.028012
2 0.282724 0.379047 0.008800 0.018480
2 0.172122 0.373509 0.037664 0.027371
2 0.201880 0.385531 0.023415 0.033450
2 0.222063 0.378249 0.010505 0.019104
8 0.183170 0.142276 0.011859 0.045184
8 0.171079 0.144207 0.008893 0.041323
8 0.441952 0.161785 0.008755 0.048321
8 0.619364 0.236446 0.015262 0.040987
8 0.613490 0.277709 0.008900 0.018042
9 0.349765 0.336803 0.018580 0.016932
9 0.087852 0.277355 0.023097 0.015741
9 0.277512 0.116791 0.122887 0.078532
9 0.088091 0.184282 0.027611 0.026074
9 0.606138 0.160100 0.035129 0.029700
9 0.594961 0.275488 0.016804 0.013601
9 0.608764 0.035123 0.042027 0.067197
9 0.261866 0.339831 0.009524 0.006940
8 0.081433 0.316886 0.007232 0.017659
9 0.610834 0.210540 0.017336 0.019153
8 0.099904 0.315927 0.010873 0.021123
9 0.262420 0.347406 0.005011 0.008443
8 0.635504 0.238018 0.022327 0.031920
9 0.605514 0.179807 0.013271 0.030255
