2 0.374544 0.539104 0.013070 0.010858
2 0.400987 0.531909 0.009085 0.014511
2 0.424055 0.526312 0.012778 0.016440
2 0.412059 0.536830 0.010931 0.016152
2 0.317024 0.572097 0.018312 0.025994
4 0.342942 0.545032 0.020325 0.032555
3 0.273860 0.558846 0.062894 0.085829
2 0.126342 0.635979 0.054673 0.058224
2 0.490026 0.595472 0.132724 0.187565
2 0.377228 0.565126 0.025232 0.039936
2 0.018185 0.669269 0.037152 0.082582
9 0.413443 0.448253 0.035843 0.040756
9 0.458654 0.438412 0.039534 0.037476
9 0.460961 0.468757 0.037688 0.024353
9 0.415981 0.476549 0.039072 0.018612
9 0.541779 0.435271 0.014454 0.027915
9 0.547152 0.508052 0.034654 0.019594
4 0.444122 0.519197 0.017851 0.021893
