2 0.092421 0.614542 0.185624 0.379787
2 0.546829 0.481224 0.055297 0.084461
2 0.623541 0.513939 0.098798 0.140001
2 0.223125 0.490536 0.053847 0.058779
2 0.515025 0.482213 0.020999 0.046881
2 0.500657 0.480730 0.009682 0.024135
2 0.978015 0.431002 0.043188 0.029903
4 0.467280 0.455017 0.057522 0.132920
2 0.886680 0.439719 0.025337 0.029537
2 0.804668 0.447402 0.015801 0.015234
2 0.788257 0.450369 0.014132 0.015234
2 0.770178 0.454819 0.011351 0.012267
2 0.840639 0.446493 0.024382 0.020869
0 0.733592 0.450738 0.005277 0.013377
0 0.689762 0.453985 0.005839 0.017872
