9 0.435392 0.258523 0.140459 0.115151
9 0.541993 0.251284 0.067068 0.098436
9 0.642508 0.237178 0.110178 0.143977
9 0.574990 0.420900 0.021935 0.024134
9 0.551796 0.421164 0.023097 0.022548
2 0.375309 0.490702 0.113875 0.185617
2 0.538639 0.479168 0.064028 0.103644
2 0.480832 0.467449 0.038867 0.054815
2 0.451077 0.469300 0.023990 0.036301
2 0.504784 0.464275 0.015956 0.019903
2 0.028644 0.482638 0.058069 0.062044
2 0.173268 0.468768 0.075362 0.055125
3 0.231309 0.445584 0.069577 0.080697
4 0.316802 0.448498 0.059291 0.057538
