2 0.051779 0.603527 0.104339 0.098251
2 0.387192 0.548676 0.015789 0.032434
2 0.370814 0.556380 0.020449 0.035854
2 0.326746 0.562436 0.046773 0.060952
2 0.932269 0.641220 0.134682 0.233268
0 0.721207 0.577440 0.029547 0.179647
0 0.790656 0.556984 0.025438 0.086135
2 0.482376 0.556756 0.037089 0.047689
8 0.254100 0.374428 0.010371 0.042130
8 0.708936 0.251780 0.021212 0.077023
8 0.686757 0.257467 0.013248 0.077399
8 0.677416 0.443220 0.013571 0.050659
8 0.974660 0.375647 0.049898 0.065993
8 0.241635 0.366306 0.009000 0.046684
2 0.355501 0.561125 0.015672 0.034355
1 0.428552 0.543643 0.010053 0.025364
1 0.413942 0.538898 0.010615 0.022867
7 0.428552 0.564372 0.007805 0.020869
7 0.414644 0.559627 0.008648 0.022367
