8 0.433879 0.554420 0.006375 0.026251
8 0.417097 0.554420 0.006375 0.026251
2 0.443179 0.580525 0.016165 0.018792
2 0.456464 0.580525 0.014766 0.018792
2 0.469050 0.581768 0.014766 0.021278
2 0.484434 0.584254 0.017563 0.031223
2 0.499118 0.589226 0.016165 0.031223
2 0.513802 0.589226 0.020360 0.026251
2 0.532681 0.595442 0.027352 0.038682
2 0.565318 0.596818 0.043191 0.056350
2 0.409615 0.584254 0.024555 0.056085
2 0.360325 0.610736 0.104982 0.192071
9 0.605018 0.477170 0.020360 0.048626
9 0.564751 0.533627 0.008643 0.017340
9 0.564587 0.512370 0.016178 0.027951
9 0.535565 0.530098 0.013823 0.027301
2 0.593735 0.600421 0.065301 0.065449
2 0.200510 0.762309 0.401439 0.473994
2 0.430625 0.580546 0.012646 0.027170
