2 0.059463 0.389923 0.119708 0.424239
2 0.873448 0.586618 0.252322 0.529951
2 0.136961 0.356996 0.155776 0.237076
2 0.642398 0.498235 0.244483 0.266537
2 0.521522 0.447978 0.088514 0.131363
2 0.452798 0.411586 0.066093 0.096703
2 0.417705 0.403787 0.027101 0.067243
2 0.402596 0.401188 0.018328 0.051646
2 0.275871 0.361329 0.043673 0.051646
2 0.317300 0.348331 0.025151 0.039515
2 0.343132 0.373460 0.030025 0.055112
2 0.378225 0.368261 0.026126 0.048180
8 0.389436 0.275546 0.013454 0.032583
8 0.305602 0.266466 0.009555 0.029946
