3 0.040102 0.578819 0.080985 0.209348
0 0.103330 0.551958 0.047572 0.138295
0 0.207669 0.519898 0.028007 0.119232
0 0.275152 0.510366 0.025613 0.110567
0 0.309523 0.509500 0.027058 0.115766
0 0.336309 0.481772 0.022227 0.056845
2 0.388948 0.509500 0.123607 0.126164
2 0.486429 0.493036 0.115809 0.138295
2 0.614891 0.454910 0.163025 0.211081
2 0.699912 0.451141 0.031975 0.044107
2 0.754501 0.416785 0.080715 0.051646
2 0.829074 0.461842 0.069993 0.100169
2 0.860268 0.447978 0.046597 0.093237
2 0.922168 0.434114 0.031975 0.048180
2 0.949463 0.432381 0.016378 0.034316
2 0.751480 0.487824 0.129649 0.134803
9 0.899061 0.096449 0.053997 0.097240
