8 0.259435 0.273177 0.014182 0.059624
8 0.271346 0.278471 0.008226 0.043742
8 0.246034 0.286412 0.008226 0.038448
8 0.579834 0.223072 0.010663 0.075886
8 0.613810 0.221559 0.011204 0.072860
8 0.597431 0.221559 0.014182 0.072860
9 0.768294 0.191125 0.042495 0.072176
9 0.894194 0.090789 0.018984 0.135320
9 0.894978 0.294769 0.017160 0.051683
8 0.910506 0.355703 0.030348 0.051787
8 0.873237 0.363116 0.027885 0.060199
8 0.713794 0.421639 0.019198 0.027859
9 0.742359 0.360378 0.024605 0.022565
1 0.655998 0.507290 0.027583 0.088742
7 0.661954 0.537164 0.042472 0.041095
2 0.218985 0.518635 0.046939 0.104624
3 0.105398 0.562879 0.211577 0.395801
2 0.340336 0.494919 0.027583 0.032235
2 0.369435 0.508614 0.025966 0.043742
2 0.424463 0.539055 0.115432 0.136389
2 0.555493 0.610526 0.219660 0.295213
2 0.859243 0.636996 0.273263 0.295213
2 0.912846 0.507290 0.169035 0.088742
