8 0.444044 0.250655 0.017572 0.028431
8 0.522471 0.246449 0.022274 0.032498
8 0.587631 0.245842 0.016815 0.031285
2 0.701664 0.430586 0.155231 0.196921
2 0.536684 0.401464 0.056945 0.080434
2 0.429170 0.406167 0.064229 0.083509
2 0.586997 0.391260 0.042904 0.063400
4 0.491718 0.375446 0.039231 0.074226
2 0.226031 0.377543 0.111938 0.057552
2 0.310163 0.383783 0.036828 0.015950
9 0.560086 0.327997 0.021843 0.019356
9 0.485837 0.185282 0.027470 0.088117
9 0.565290 0.179529 0.116618 0.085101
9 0.364623 0.203704 0.054604 0.094995
9 0.306899 0.207217 0.053046 0.100449
9 0.247616 0.207864 0.052264 0.094995
9 0.649535 0.298349 0.027693 0.051312
