2 0.313338 0.553952 0.020498 0.026131
2 0.337113 0.551890 0.021658 0.026131
2 0.356443 0.552234 0.017018 0.024069
2 0.375580 0.551203 0.015859 0.022007
2 0.413273 0.550172 0.033255 0.028193
2 0.458845 0.547374 0.015369 0.022136
2 0.273324 0.578165 0.071145 0.061555
2 0.477255 0.546048 0.011219 0.024069
2 0.484214 0.552234 0.013539 0.036440
2 0.494072 0.557388 0.023977 0.050873
2 0.517848 0.564261 0.041374 0.063245
2 0.538338 0.565292 0.041374 0.077678
2 0.577818 0.571068 0.069114 0.091802
2 0.672101 0.614588 0.127199 0.159774
2 0.843757 0.684733 0.310433 0.454458
2 0.093943 0.594845 0.188668 0.184894
8 0.391237 0.505842 0.010060 0.017884
8 0.439369 0.503780 0.008900 0.017884
8 0.461405 0.503780 0.008900 0.017884
8 0.369201 0.524399 0.010060 0.022007
8 0.380799 0.527492 0.010060 0.015822
8 0.395296 0.524399 0.011219 0.013760
9 0.572256 0.490507 0.018471 0.033824
9 0.871385 0.245320 0.154370 0.121059
9 0.864855 0.401031 0.036278 0.036440
9 0.013338 0.077320 0.027457 0.153966
