2 0.598045 0.463476 0.027101 0.041050
2 0.570263 0.456824 0.035874 0.054750
2 0.527858 0.456643 0.054396 0.065510
2 0.475316 0.460109 0.057320 0.089771
2 0.449971 0.469641 0.049522 0.091504
2 0.402498 0.468774 0.077791 0.148693
2 0.310866 0.473800 0.173322 0.219746
2 0.143199 0.510193 0.286400 0.479695
2 0.888830 0.488530 0.080715 0.065510
2 0.713364 0.461669 0.016378 0.025651
2 0.936903 0.549401 0.124942 0.203716
2 0.742750 0.490819 0.067176 0.088802
2 0.689929 0.466744 0.030495 0.048774
8 0.699164 0.378346 0.005379 0.020699
9 0.558551 0.394256 0.007438 0.010054
9 0.589661 0.392523 0.013454 0.010054
9 0.589174 0.412452 0.028076 0.025651
9 0.656923 0.402054 0.011504 0.008321
8 0.704563 0.378925 0.006252 0.018246
