9 0.530844 0.542426 0.015526 0.018719
2 0.450824 0.585751 0.052397 0.070709
2 0.532873 0.579025 0.046847 0.054104
2 0.657948 0.632232 0.139348 0.156738
2 0.731597 0.605681 0.068050 0.100169
2 0.393168 0.563804 0.017020 0.019881
2 0.273945 0.571021 0.028124 0.016986
2 0.306249 0.566688 0.026413 0.018719
2 0.501729 0.565863 0.023460 0.034398
2 0.483992 0.564955 0.015403 0.022185
3 0.350514 0.550665 0.020439 0.024174
2 0.396257 0.544877 0.011499 0.020750
2 0.465958 0.545026 0.008580 0.013520
9 0.402041 0.523374 0.007530 0.008028
3 0.464737 0.531650 0.008441 0.016426
