2 0.463478 0.392036 0.017610 0.027566
2 0.414045 0.385180 0.015506 0.023827
2 0.375405 0.402543 0.024972 0.031306
2 0.263612 0.388252 0.027075 0.055079
2 0.237471 0.390122 0.020459 0.043860
2 0.422735 0.403478 0.012351 0.025696
2 0.441667 0.402409 0.029179 0.026765
2 0.318830 0.385811 0.093337 0.134753
2 0.817577 0.521676 0.360906 0.521195
8 0.702199 0.317867 0.031282 0.042525
9 0.684319 0.140236 0.052318 0.035045
9 0.563891 0.318802 0.015506 0.029436
8 0.388772 0.190720 0.010247 0.046264
8 0.376151 0.186046 0.014454 0.044394
9 0.302002 0.250554 0.023920 0.016347
2 0.472694 0.411491 0.013402 0.025696
2 0.496359 0.421641 0.037593 0.044394
4 0.113735 0.319504 0.225859 0.207534
0 0.522873 0.401074 0.009195 0.040655
0 0.534442 0.408553 0.013402 0.036915
0 0.645403 0.427338 0.018661 0.067007
