8 0.936534 0.056953 0.027173 0.115295
8 0.911342 0.181280 0.027173 0.048308
8 0.954529 0.175948 0.019976 0.046176
9 0.421611 0.125829 0.048214 0.073901
9 0.429685 0.183412 0.021175 0.018450
9 0.429685 0.212204 0.025974 0.020583
9 0.426086 0.241775 0.013977 0.024276
9 0.415889 0.013863 0.034371 0.024849
2 0.460363 0.352962 0.018776 0.039777
2 0.376388 0.345497 0.035571 0.037645
2 0.340399 0.358294 0.085956 0.054706
2 0.179047 0.356839 0.043968 0.027758
2 0.114266 0.367891 0.043968 0.048308
2 0.098671 0.370023 0.046368 0.035512
2 0.092073 0.354028 0.064362 0.046176
2 0.054284 0.365758 0.019976 0.031247
2 0.041688 0.360426 0.025974 0.033379
2 0.029091 0.359360 0.022375 0.026981
0 0.005548 0.368957 0.011878 0.046176
0 0.269020 0.391350 0.019976 0.095228
0 0.544338 0.403826 0.042769 0.176912
0 0.824631 0.384132 0.037122 0.165115
0 0.956650 0.370661 0.023193 0.153503
0 0.441831 0.354140 0.019238 0.069358
0 0.412827 0.371718 0.021875 0.067014
