2 0.059787 0.453988 0.053141 0.048333
2 0.201664 0.432771 0.038750 0.050282
2 0.244246 0.418567 0.050842 0.064549
2 0.309617 0.413081 0.044975 0.055054
2 0.755794 0.352783 0.049496 0.031955
2 0.138511 0.444667 0.078078 0.067245
2 0.457775 0.386133 0.121135 0.090155
2 0.387378 0.323826 0.011863 0.018459
2 0.397744 0.370185 0.017679 0.024734
2 0.575979 0.379529 0.045198 0.029408
2 0.860158 0.333215 0.106405 0.061135
8 0.348749 0.272188 0.016145 0.029555
8 0.535750 0.263653 0.014704 0.026141
8 0.538338 0.322141 0.014330 0.021918
8 0.897283 0.185160 0.015830 0.038029
9 0.916330 0.047712 0.024787 0.060282
9 0.920891 0.266763 0.019505 0.056260
9 0.677477 0.300781 0.007023 0.025287
9 0.795823 0.303768 0.004622 0.021020
9 0.352590 0.326813 0.019985 0.034676
9 0.061934 0.323826 0.026707 0.016752
9 0.070136 0.340926 0.012385 0.023522
9 0.527828 0.216573 0.013264 0.029282
0 0.607046 0.361830 0.010383 0.060237
2 0.948017 0.317425 0.025747 0.041504
2 0.347636 0.410511 0.015729 0.040672
8 0.898326 0.107243 0.016625 0.061558
2 0.403001 0.296513 0.007503 0.009924
0 0.538391 0.373330 0.008463 0.059428
9 0.085939 0.339189 0.010383 0.015045
2 0.326839 0.406179 0.035226 0.052804
2 0.383219 0.401557 0.012155 0.027385
9 0.464945 0.335520 0.009230 0.006922
9 0.459800 0.343003 0.007855 0.005581
9 0.503569 0.338025 0.012276 0.021824
0 0.373175 0.385655 0.007560 0.013965
2 0.368737 0.409928 0.020912 0.034144
3 0.138392 0.397129 0.025348 0.034751
2 0.182577 0.411384 0.028419 0.019586
