2 0.532063 0.636614 0.013571 0.030631
3 0.512873 0.621775 0.033744 0.079302
0 0.487975 0.644511 0.008305 0.075291
0 0.481894 0.649583 0.011219 0.077187
2 0.386876 0.636589 0.038885 0.043521
2 0.430984 0.671766 0.073383 0.086321
2 0.361856 0.695466 0.093565 0.122485
2 0.219799 0.722747 0.252292 0.265860
0 0.106121 0.654585 0.025137 0.072289
0 0.006352 0.635301 0.013485 0.060995
2 0.060607 0.811901 0.121995 0.313803
2 0.556200 0.637191 0.024980 0.034827
2 0.573066 0.635973 0.008305 0.025225
2 0.579208 0.643643 0.016076 0.040564
2 0.601466 0.662938 0.048558 0.079633
2 0.765763 0.671597 0.065674 0.079493
2 0.887437 0.656834 0.121011 0.100780
2 0.903501 0.700375 0.146958 0.133285
2 0.681216 0.719199 0.153132 0.202854
8 0.336860 0.544674 0.011099 0.040564
8 0.411799 0.583156 0.004919 0.008076
8 0.547423 0.591065 0.005420 0.017884
8 0.499078 0.518900 0.009327 0.038502
8 0.716854 0.521318 0.005545 0.008917
9 0.794306 0.577663 0.017323 0.040564
9 0.708054 0.563230 0.008900 0.019946
8 0.652806 0.594123 0.004486 0.015751
9 0.903544 0.539197 0.025130 0.016445
2 0.604100 0.621810 0.019966 0.008076
9 0.416313 0.516614 0.016204 0.012758
8 0.421392 0.581149 0.009057 0.024127
2 0.995909 0.751771 0.006604 0.066318
