8 0.283669 0.393389 0.008580 0.032583
8 0.471006 0.395080 0.008730 0.020017
8 0.363415 0.450126 0.007787 0.013655
8 0.433903 0.444852 0.007183 0.013534
8 0.395187 0.476053 0.008580 0.010054
8 0.390719 0.470966 0.004714 0.009829
8 0.383672 0.465454 0.005042 0.010456
8 0.426442 0.461211 0.004714 0.008963
8 0.531890 0.451681 0.008369 0.013740
8 0.275871 0.391656 0.006630 0.029117
9 0.495581 0.396195 0.027510 0.013933
9 0.347389 0.453426 0.013373 0.010551
9 0.521592 0.429329 0.012344 0.009331
9 0.526380 0.420132 0.008548 0.007170
9 0.478060 0.466207 0.010286 0.018782
2 0.393335 0.493492 0.013454 0.016075
2 0.368915 0.499624 0.013066 0.014208
2 0.314923 0.507774 0.037944 0.039500
2 0.217382 0.525963 0.037824 0.062044
2 0.174978 0.528996 0.054396 0.081107
2 0.120876 0.537661 0.063169 0.098436
2 0.045816 0.554991 0.092413 0.133096
2 0.939857 0.591383 0.119505 0.164290
2 0.426868 0.485584 0.011504 0.022185
2 0.438079 0.482985 0.010529 0.027384
2 0.446365 0.484718 0.011504 0.027384
2 0.460012 0.484718 0.013454 0.030850
2 0.477558 0.495982 0.027101 0.036049
2 0.532732 0.498235 0.032950 0.065510
2 0.562952 0.499968 0.052446 0.072442
2 0.605356 0.512099 0.065119 0.089771
2 0.670668 0.530295 0.117758 0.108834
2 0.810553 0.533761 0.212315 0.192018
2 0.358798 0.505098 0.017402 0.017448
