2 0.080355 0.473395 0.161492 0.162393
2 0.320567 0.462680 0.033255 0.042626
2 0.345619 0.458763 0.014699 0.028193
2 0.360338 0.454679 0.011690 0.017858
2 0.497440 0.479382 0.056674 0.057059
2 0.460877 0.464335 0.027740 0.041792
2 0.434518 0.461202 0.022466 0.027438
8 0.427898 0.208852 0.012941 0.021806
8 0.710758 0.368758 0.011987 0.022635
8 0.739949 0.351546 0.019338 0.065306
9 0.604253 0.334021 0.026297 0.017884
2 0.734252 0.476539 0.104958 0.083363
0 0.658363 0.488660 0.023177 0.096234
0 0.856972 0.511340 0.283539 0.174585
9 0.582190 0.243134 0.037947 0.025801
9 0.489966 0.405139 0.008580 0.019297
4 0.927135 0.362099 0.143999 0.103473
8 0.392125 0.426466 0.003791 0.007408
