8 0.368662 0.186760 0.023193 0.106932
8 0.385123 0.298125 0.027111 0.038889
8 0.547186 0.262856 0.013036 0.037337
8 0.522315 0.125859 0.027021 0.116233
9 0.593443 0.215470 0.064062 0.029712
0 0.794709 0.428234 0.157232 0.458358
0 0.503135 0.431718 0.041650 0.160764
0 0.385726 0.443478 0.032032 0.141933
0 0.266490 0.452624 0.021875 0.081453
0 0.287719 0.454167 0.011058 0.059616
0 0.347222 0.448125 0.014590 0.071701
0 0.138609 0.462187 0.011328 0.034201
0 0.106309 0.463359 0.015283 0.050608
0 0.340257 0.448326 0.011451 0.062729
0 0.328262 0.441992 0.014347 0.060529
0 0.318187 0.442295 0.013402 0.054307
0 0.548618 0.431718 0.021875 0.146701
2 0.261913 0.459791 0.009934 0.015556
2 0.241955 0.459223 0.011687 0.019204
2 0.224965 0.460795 0.012654 0.023396
2 0.211301 0.460238 0.025245 0.034990
2 0.182417 0.463939 0.036445 0.041212
2 0.918279 0.359369 0.162661 0.235149
2 0.004138 0.494325 0.009057 0.056290
2 0.232523 0.458961 0.009918 0.020776
