2 0.051389 0.537082 0.103560 0.090603
2 0.120299 0.547228 0.061363 0.027987
2 0.200191 0.554455 0.046641 0.018157
8 0.029009 0.450514 0.011065 0.017740
9 0.257428 0.091662 0.066533 0.034376
9 0.256332 0.160292 0.079954 0.105662
9 0.254930 0.268383 0.067783 0.122174
9 0.430073 0.287859 0.024492 0.052416
9 0.511814 0.514708 0.007645 0.013591
9 0.500842 0.516119 0.008374 0.006015
9 0.684342 0.464790 0.028236 0.020247
9 0.698468 0.429988 0.027784 0.016638
9 0.684342 0.396569 0.028236 0.052416
9 0.684654 0.349425 0.035100 0.046870
9 0.684471 0.285550 0.038478 0.081440
9 0.545196 0.497514 0.009517 0.008045
0 0.545196 0.552258 0.008269 0.032035
2 0.479532 0.608789 0.121974 0.181511
9 0.293318 0.343896 0.012863 0.143341
9 0.858101 0.452176 0.010487 0.045637
9 0.964662 0.407188 0.024492 0.066837
9 0.969030 0.357383 0.040715 0.027126
2 0.949114 0.608719 0.100991 0.106774
