0 0.856827 0.419094 0.028594 0.050833
2 0.478719 0.354969 0.005266 0.009362
2 0.475355 0.362635 0.006818 0.008135
2 0.483223 0.365127 0.005649 0.009439
2 0.470641 0.373729 0.010220 0.007491
2 0.470511 0.383169 0.011677 0.013018
2 0.480228 0.374303 0.008802 0.009392
2 0.481691 0.383425 0.012449 0.011628
2 0.461988 0.382870 0.009147 0.011173
2 0.452853 0.384044 0.011128 0.009607
2 0.481366 0.397373 0.011078 0.021219
2 0.473644 0.398898 0.016226 0.018169
2 0.473060 0.417572 0.014428 0.027077
2 0.452193 0.421017 0.031671 0.062406
2 0.241255 0.401949 0.113186 0.127999
3 0.567477 0.381856 0.166710 0.321745
3 0.390156 0.385837 0.120671 0.215138
2 0.168487 0.570608 0.337755 0.497228
0 0.662188 0.446447 0.008006 0.055143
