9 0.330456 0.263819 0.028332 0.010900
9 0.614220 0.310582 0.012114 0.039485
8 0.475809 0.274284 0.006109 0.016087
8 0.378698 0.259766 0.005921 0.015445
8 0.383442 0.260118 0.006711 0.017554
0 0.180031 0.358483 0.017371 0.068096
2 0.019689 0.389541 0.040160 0.171287
2 0.390348 0.365180 0.012667 0.032334
2 0.376911 0.363920 0.013797 0.022528
2 0.360841 0.353654 0.020589 0.040852
2 0.354864 0.360636 0.020930 0.034174
2 0.495447 0.381251 0.025626 0.057769
2 0.516601 0.378602 0.029519 0.054390
2 0.540851 0.385121 0.044080 0.062780
2 0.563769 0.395127 0.056790 0.064196
2 0.627290 0.409365 0.104531 0.108169
2 0.315781 0.370624 0.022409 0.041774
2 0.348632 0.364984 0.019393 0.030336
2 0.286386 0.363434 0.039525 0.062535
2 0.438869 0.401021 0.107542 0.172818
2 0.702457 0.442015 0.157071 0.149261
2 0.966970 0.518908 0.062510 0.362614
8 0.479866 0.275369 0.006316 0.018257
1 0.381332 0.360636 0.004879 0.015960
7 0.380136 0.367618 0.003855 0.015353
