9 0.348599 0.278775 0.017532 0.026124
9 0.505925 0.271213 0.014429 0.006588
9 0.500076 0.279012 0.012479 0.008321
9 0.583910 0.270347 0.014429 0.018719
8 0.175840 0.246852 0.006593 0.022790
8 0.410626 0.242129 0.005763 0.021314
8 0.223163 0.234675 0.005763 0.020576
2 0.087703 0.392687 0.150428 0.162228
2 0.357888 0.381659 0.027808 0.098545
2 0.344375 0.343895 0.020706 0.022052
2 0.325072 0.349061 0.023612 0.038287
2 0.293417 0.352916 0.043673 0.062233
2 0.273391 0.349430 0.014895 0.034598
2 0.253577 0.342866 0.026740 0.032965
2 0.235408 0.370520 0.064293 0.067923
2 0.188971 0.354595 0.049239 0.053785
2 0.152915 0.361418 0.040821 0.086305
2 0.492164 0.383460 0.011927 0.042736
2 0.525029 0.382343 0.065204 0.081828
2 0.418098 0.426622 0.146069 0.230898
2 0.619426 0.422414 0.151881 0.147210
2 0.907003 0.578570 0.185213 0.390712
2 0.010078 0.373746 0.020937 0.074690
8 0.348057 0.253357 0.005656 0.023993
2 0.320506 0.331349 0.016140 0.014672
