9 0.268870 0.594449 0.010532 0.015664
9 0.302996 0.589350 0.006517 0.013625
9 0.325651 0.590880 0.003649 0.012605
9 0.337982 0.588331 0.006517 0.015664
9 0.412011 0.613312 0.010532 0.018723
9 0.424916 0.615861 0.009958 0.023821
9 0.633951 0.574719 0.018561 0.023821
1 0.123886 0.686216 0.021429 0.066646
7 0.122930 0.712047 0.017988 0.052371
2 0.369364 0.627247 0.008811 0.014644
2 0.324111 0.646756 0.012826 0.014644
2 0.331280 0.678365 0.012252 0.030958
2 0.317041 0.680452 0.023922 0.045329
2 0.298894 0.687882 0.027777 0.058150
2 0.370281 0.651344 0.012252 0.021782
2 0.362825 0.658482 0.015693 0.019742
4 0.392736 0.641148 0.020455 0.042174
2 0.390776 0.679588 0.021429 0.037076
2 0.396798 0.694883 0.032326 0.047273
2 0.258860 0.685706 0.058136 0.096215
2 0.454637 0.704131 0.026412 0.053249
2 0.482257 0.710177 0.054121 0.069705
2 0.541905 0.741276 0.062151 0.084999
2 0.606143 0.757931 0.121799 0.164531
2 0.184256 0.713746 0.123402 0.146177
2 0.102091 0.689275 0.055842 0.076842
2 0.144534 0.684177 0.027738 0.060528
2 0.047031 0.729041 0.094843 0.209395
2 0.848275 0.860128 0.300172 0.277584
2 0.312716 0.689735 0.014406 0.040605
2 0.340614 0.657439 0.014406 0.022150
2 0.334126 0.638408 0.010513 0.016383
2 0.344831 0.646482 0.011162 0.020997
2 0.351968 0.640715 0.009864 0.020997
2 0.356510 0.636101 0.008567 0.018690
2 0.269572 0.400231 0.052684 0.059059
2 0.369485 0.626874 0.008567 0.014076
