2 0.298183 0.391837 0.019723 0.022817
2 0.270201 0.391072 0.013696 0.018226
2 0.256856 0.391072 0.016279 0.018226
2 0.217682 0.397959 0.024027 0.022817
2 0.182382 0.399490 0.022305 0.025879
2 0.163871 0.404847 0.021445 0.027409
2 0.131585 0.404082 0.020584 0.025879
2 0.107908 0.402551 0.035220 0.041185
2 0.058833 0.404847 0.066215 0.054960
2 0.879768 0.394133 0.056744 0.073328
2 0.792810 0.384949 0.055022 0.054960
2 0.740721 0.379592 0.052439 0.050369
2 0.700255 0.379592 0.038664 0.038124
2 0.662373 0.383419 0.033498 0.033532
2 0.368782 0.385714 0.024888 0.019756
2 0.013919 0.402068 0.020584 0.044246
2 0.460475 0.389541 0.018862 0.033532
2 0.512755 0.374346 0.016279 0.019756
2 0.541167 0.398071 0.030054 0.061083
2 0.502854 0.445520 0.108402 0.149858
2 0.904592 0.532170 0.185029 0.380981
8 0.413987 0.334439 0.011974 0.024348
8 0.397720 0.347091 0.010757 0.019040
8 0.495516 0.331009 0.007316 0.020549
2 0.444034 0.384949 0.018001 0.021287
