8 0.400809 0.285769 0.011299 0.033176
8 0.402827 0.443768 0.009195 0.023827
8 0.475908 0.447283 0.006072 0.019639
8 0.345538 0.152875 0.017324 0.051598
8 0.444021 0.470568 0.006040 0.016347
8 0.430348 0.478047 0.006040 0.016347
8 0.420882 0.485527 0.006040 0.016347
8 0.414571 0.485527 0.006040 0.016347
8 0.061002 0.262708 0.034438 0.078051
8 0.737325 0.250055 0.014178 0.052745
8 0.710118 0.250554 0.014454 0.061223
8 0.724141 0.254294 0.012351 0.057483
8 0.898966 0.454985 0.021703 0.032550
8 0.267756 0.399406 0.005273 0.018315
2 0.371274 0.503446 0.015506 0.020087
2 0.265571 0.483813 0.121734 0.085530
2 0.168809 0.508855 0.092285 0.080321
2 0.032605 0.512795 0.040748 0.046264
2 0.441216 0.506250 0.016558 0.021957
2 0.422284 0.505315 0.012351 0.016347
9 0.915738 0.409799 0.019713 0.051874
9 0.787422 0.442521 0.028127 0.020087
9 0.694867 0.449065 0.021817 0.025696
