2 0.256453 0.661480 0.086196 0.117876
2 0.369028 0.648999 0.034637 0.055472
2 0.328722 0.645594 0.029482 0.044503
2 0.400956 0.643799 0.021843 0.032591
2 0.347718 0.636377 0.018332 0.030792
8 0.225446 0.564019 0.007802 0.017419
8 0.371849 0.550922 0.008681 0.016102
8 0.139373 0.606495 0.005672 0.012758
8 0.148401 0.586420 0.004919 0.010059
9 0.190683 0.564029 0.026436 0.010751
9 0.403636 0.548581 0.033132 0.012758
8 0.443503 0.605893 0.006953 0.012717
9 0.437631 0.560953 0.009336 0.013427
9 0.559789 0.508361 0.027116 0.057094
9 0.390511 0.597734 0.014994 0.006739
9 0.414545 0.607097 0.007552 0.016102
2 0.618589 0.621957 0.021843 0.022190
2 0.587582 0.624037 0.025353 0.018030
2 0.505092 0.631318 0.033543 0.036751
2 0.741447 0.627158 0.075666 0.049232
9 0.623513 0.590210 0.010863 0.021020
