2 0.069699 0.655686 0.140179 0.211583
2 0.696988 0.564955 0.492084 0.684188
2 0.488207 0.535267 0.099867 0.379979
0 0.122338 0.592683 0.025151 0.056845
0 0.177902 0.608264 0.029051 0.098468
2 0.155900 0.605675 0.059131 0.068965
2 0.199539 0.602422 0.032569 0.054697
2 0.225777 0.582294 0.053804 0.077623
2 0.258901 0.591754 0.023382 0.044062
2 0.272295 0.583476 0.034571 0.044065
2 0.294879 0.590393 0.019303 0.033697
2 0.306871 0.583488 0.030412 0.033644
2 0.333972 0.572035 0.030159 0.046151
3 0.363116 0.570154 0.027101 0.049913
2 0.385884 0.571423 0.026934 0.043908
2 0.408992 0.563539 0.030159 0.045973
2 0.444460 0.572774 0.021560 0.041514
2 0.434608 0.566405 0.012604 0.040240
9 0.175508 0.420101 0.025153 0.027963
9 0.061416 0.485034 0.008580 0.012943
9 0.065314 0.497744 0.022224 0.015254
9 0.576638 0.252190 0.038892 0.057849
9 0.635382 0.296888 0.027690 0.021150
8 0.052641 0.544826 0.008583 0.013521
8 0.242936 0.402770 0.007280 0.036051
8 0.407254 0.358046 0.009012 0.040882
8 0.395378 0.516089 0.006513 0.013490
8 0.446949 0.507767 0.003706 0.015253
8 0.395231 0.361802 0.013347 0.038728
9 0.056866 0.519407 0.015082 0.012365
9 0.250676 0.545259 0.011171 0.024955
9 0.372384 0.518955 0.006645 0.015401
0 0.977732 0.510366 0.039774 0.190285
3 0.433892 0.541884 0.013320 0.039604
2 0.413471 0.555259 0.027651 0.040877
9 0.366395 0.537680 0.006155 0.012853
2 0.316955 0.574685 0.007588 0.014764
9 0.063529 0.539627 0.013454 0.033162
