2 0.464819 0.622137 0.010929 0.023508
2 0.469494 0.622481 0.009044 0.024196
2 0.480061 0.622709 0.021947 0.035635
2 0.482732 0.627144 0.014919 0.031189
2 0.494777 0.626561 0.019859 0.050051
2 0.507499 0.632290 0.030744 0.051187
2 0.525560 0.633134 0.031286 0.066145
2 0.402815 0.620567 0.015763 0.024693
2 0.440240 0.612552 0.010320 0.014660
2 0.458903 0.618224 0.006173 0.012733
2 0.362449 0.623515 0.017428 0.045433
2 0.386353 0.622874 0.021160 0.032356
2 0.430250 0.620484 0.013890 0.016370
2 0.341423 0.626922 0.043602 0.062570
2 0.560845 0.641292 0.065338 0.094607
